<?xml version="1.0" encoding="utf-8"?>
<COLLADA xmlns="http://www.collada.org/2005/11/COLLADASchema" version="1.4.1">
  <asset>
    <contributor>
      <author>Mixamo</author>
      <authoring_tool>COLLADA Mixamo exporter</authoring_tool>
      <comments/>
    </contributor>
    <created>2024-12-19T12:52:31Z</created>
    <modified>2024-12-19T12:52:31Z</modified>
    <revision/>
    <title/>
    <unit meter="0.010000"/>
    <up_axis>Y_UP</up_axis>
  </asset>
  <library_animations>
    <animation id="mixamorig_Hips-anim" name="mixamorig_Hips">
      <source id="mixamorig_Hips-Matrix-animation-input">
        <float_array id="mixamorig_Hips-Matrix-animation-input-array" count="107">

0.000000 0.033333 0.066667 0.100000 0.133333 0.166667 0.200000 0.233333 0.266667 0.300000 0.333333 0.366667 0.400000 0.433333 0.466667 0.500000
0.533333 0.566667 0.600000 0.633333 0.666667 0.700000 0.733333 0.766667 0.800000 0.833333 0.866667 0.900000 0.933333 0.966667 1.000000 1.033333
1.066667 1.100000 1.133333 1.166667 1.200000 1.233333 1.266667 1.300000 1.333333 1.366667 1.400000 1.433333 1.466667 1.500000 1.533333 1.566667
1.600000 1.633333 1.666667 1.700000 1.733333 1.766667 1.800000 1.833333 1.866667 1.900000 1.933333 1.966667 2.000000 2.033333 2.066667 2.100000
2.133333 2.166667 2.200000 2.233333 2.266667 2.300000 2.333333 2.366667 2.400000 2.433333 2.466667 2.500000 2.533333 2.566667 2.600000 2.633333
2.666667 2.700000 2.733333 2.766667 2.800000 2.833333 2.866667 2.900000 2.933333 2.966667 3.000000 3.033333 3.066667 3.100000 3.133333 3.166667
3.200000 3.233333 3.266667 3.300000 3.333333 3.366667 3.400000 3.433333 3.466667 3.500000 3.533333</float_array>
        <technique_common>
          <accessor source="#mixamorig_Hips-Matrix-animation-input-array" count="107">
            <param name="TIME" type="float"/>
          </accessor>
        </technique_common>
      </source>
      <source id="mixamorig_Hips-Matrix-animation-output-transform">
        <float_array id="mixamorig_Hips-Matrix-animation-output-transform-array" count="1712">

0.996464 0.016174 0.082444 -0.350992 -0.023257 0.996051 0.085684 95.584114 -0.080733 -0.087298 0.992905 2.199665 0.000000 0.000000 0.000000 1.000000
0.996573 0.019287 0.080435 -0.377315 -0.025498 0.996711 0.076922 95.410416 -0.078687 -0.078709 0.993787 2.658097 0.000000 0.000000 0.000000 1.000000
0.996355 0.021746 0.082484 -0.450830 -0.028031 0.996727 0.075828 95.203430 -0.080565 -0.077864 0.993703 3.306854 0.000000 0.000000 0.000000 1.000000
0.995626 0.023172 0.090509 -0.562028 -0.031034 0.995773 0.086446 95.016052 -0.088124 -0.088876 0.992137 4.073370 0.000000 0.000000 0.000000 1.000000
0.994853 0.024052 0.098436 -0.684737 -0.034629 0.993635 0.107195 94.829185 -0.095231 -0.110052 0.989353 4.904139 0.000000 0.000000 0.000000 1.000000
0.994573 0.025736 0.100808 -0.824935 -0.039067 0.990401 0.132590 94.498032 -0.096429 -0.135809 0.986031 5.774449 0.000000 0.000000 0.000000 1.000000
0.994727 0.031324 0.097654 -0.984302 -0.046399 0.986643 0.156151 93.957657 -0.091458 -0.159859 0.982894 6.676736 0.000000 0.000000 0.000000 1.000000
0.995052 0.040509 0.090720 -1.136106 -0.056147 0.982592 0.177091 93.376297 -0.081967 -0.181309 0.980004 7.633350 0.000000 0.000000 0.000000 1.000000
0.995446 0.046462 0.083237 -1.272528 -0.062329 0.977903 0.199552 92.953117 -0.072126 -0.203831 0.976346 8.642400 0.000000 0.000000 0.000000 1.000000
0.995834 0.045982 0.078741 -1.388073 -0.062535 0.972865 0.222761 92.729095 -0.066361 -0.226757 0.971688 9.625948 0.000000 0.000000 0.000000 1.000000
0.996158 0.042255 0.076710 -1.465262 -0.059690 0.968529 0.241637 92.603691 -0.064085 -0.245287 0.967330 10.519776 0.000000 0.000000 0.000000 1.000000
0.996338 0.038465 0.076361 -1.489958 -0.056810 0.965268 0.255010 92.483292 -0.063900 -0.258414 0.963919 11.321872 0.000000 0.000000 0.000000 1.000000
0.996312 0.035135 0.078281 -1.472866 -0.054809 0.962533 0.265568 92.315681 -0.066017 -0.268880 0.960909 12.055792 0.000000 0.000000 0.000000 1.000000
0.996159 0.032022 0.081495 -1.420233 -0.053467 0.959518 0.276525 92.077400 -0.069341 -0.279820 0.957545 12.755113 0.000000 0.000000 0.000000 1.000000
0.995929 0.029662 0.085121 -1.354960 -0.053016 0.956460 0.287007 91.787865 -0.072902 -0.290352 0.954139 13.430490 0.000000 0.000000 0.000000 1.000000
0.995588 0.028488 0.089399 -1.293026 -0.053732 0.954196 0.294316 91.480499 -0.076919 -0.297822 0.951518 14.084680 0.000000 0.000000 0.000000 1.000000
0.995191 0.028541 0.093702 -1.231724 -0.055474 0.952638 0.299003 91.177979 -0.080731 -0.302763 0.949641 14.733196 0.000000 0.000000 0.000000 1.000000
0.994825 0.029395 0.097257 -1.163055 -0.057718 0.951282 0.302872 90.879852 -0.083616 -0.306918 0.948056 15.392128 0.000000 0.000000 0.000000 1.000000
0.994472 0.029538 0.100763 -1.078700 -0.059297 0.949938 0.306761 90.571327 -0.086657 -0.311040 0.946438 16.080389 0.000000 0.000000 0.000000 1.000000
0.994131 0.028595 0.104334 -0.979130 -0.059875 0.948687 0.310497 90.233429 -0.090101 -0.314921 0.944831 16.812769 0.000000 0.000000 0.000000 1.000000
0.993870 0.027273 0.107143 -0.871945 -0.059813 0.947667 0.313609 89.876610 -0.092983 -0.318095 0.943488 17.591965 0.000000 0.000000 0.000000 1.000000
0.993612 0.025632 0.109902 -0.747320 -0.059439 0.946703 0.316577 89.503128 -0.095930 -0.321087 0.942179 18.409809 0.000000 0.000000 0.000000 1.000000
0.993211 0.023135 0.114004 -0.600104 -0.058935 0.945014 0.321675 89.082024 -0.100293 -0.326210 0.939962 19.262575 0.000000 0.000000 0.000000 1.000000
0.992659 0.020060 0.119270 -0.438060 -0.058654 0.942267 0.329687 88.586121 -0.105771 -0.334263 0.936526 20.149858 0.000000 0.000000 0.000000 1.000000
0.992147 0.017537 0.123842 -0.261777 -0.058855 0.939116 0.338522 87.990891 -0.110365 -0.343153 0.932773 21.075523 0.000000 0.000000 0.000000 1.000000
0.991852 0.016067 0.126377 -0.077239 -0.059456 0.935728 0.347674 87.274178 -0.112668 -0.352355 0.929060 22.040709 0.000000 0.000000 0.000000 1.000000
0.991721 0.015497 0.127473 0.090929 -0.060689 0.931393 0.358920 86.405266 -0.113165 -0.363685 0.924623 23.053640 0.000000 0.000000 0.000000 1.000000
0.991426 0.015038 0.129800 0.258849 -0.062799 0.925947 0.372395 85.356987 -0.114588 -0.377353 0.918953 24.124016 0.000000 0.000000 0.000000 1.000000
0.990883 0.013671 0.134027 0.426660 -0.065066 0.919683 0.387233 84.030182 -0.117968 -0.392424 0.912188 25.207926 0.000000 0.000000 0.000000 1.000000
0.989990 0.011765 0.140649 0.565872 -0.068327 0.911912 0.404659 82.367386 -0.123499 -0.410218 0.903587 26.327677 0.000000 0.000000 0.000000 1.000000
0.988282 0.010346 0.152291 0.631308 -0.074737 0.902724 0.423678 80.340004 -0.133094 -0.430095 0.892919 27.559832 0.000000 0.000000 0.000000 1.000000
0.984958 0.011647 0.172399 0.584047 -0.087243 0.894737 0.437988 77.936127 -0.149151 -0.446441 0.882295 28.951899 0.000000 0.000000 0.000000 1.000000
0.979142 0.013925 0.202699 0.398164 -0.105259 0.888096 0.447444 75.171371 -0.173785 -0.459447 0.871038 30.512144 0.000000 0.000000 0.000000 1.000000
0.969610 0.011120 0.244404 0.073127 -0.125834 0.879373 0.459205 72.100426 -0.209816 -0.476004 0.854048 32.268093 0.000000 0.000000 0.000000 1.000000
0.955265 0.001455 0.295749 -0.371183 -0.147731 0.868646 0.472894 68.735687 -0.256213 -0.495430 0.830002 34.259087 0.000000 0.000000 0.000000 1.000000
0.937762 -0.011015 0.347103 -0.939444 -0.169325 0.858138 0.484694 65.076485 -0.303202 -0.513301 0.802864 36.524460 0.000000 0.000000 0.000000 1.000000
0.923424 -0.023248 0.383077 -1.645137 -0.184738 0.847987 0.496780 61.197742 -0.336393 -0.529507 0.778757 39.109268 0.000000 0.000000 0.000000 1.000000
0.918108 -0.029395 0.395239 -2.339721 -0.193133 0.837645 0.510931 56.921455 -0.346088 -0.545423 0.763372 41.796021 0.000000 0.000000 0.000000 1.000000
0.924189 -0.027266 0.380960 -2.907152 -0.191271 0.830316 0.523442 52.302574 -0.330589 -0.556626 0.762154 44.375504 0.000000 0.000000 0.000000 1.000000
0.935867 -0.025214 0.351451 -3.471683 -0.175335 0.831852 0.526573 47.586449 -0.305632 -0.554424 0.774082 46.769314 0.000000 0.000000 0.000000 1.000000
0.945003 -0.030849 0.325604 -4.006169 -0.147620 0.848137 0.508794 43.015808 -0.291852 -0.528877 0.796939 48.805984 0.000000 0.000000 0.000000 1.000000
0.952720 -0.035654 0.301752 -4.417420 -0.113443 0.879544 0.462096 38.990108 -0.281880 -0.474480 0.833914 50.193470 0.000000 0.000000 0.000000 1.000000
0.960273 -0.021794 0.278209 -4.790885 -0.090825 0.918258 0.385427 35.790348 -0.263868 -0.395383 0.879799 50.899761 0.000000 0.000000 0.000000 1.000000
0.963193 0.004965 0.268765 -5.087211 -0.084759 0.954436 0.286127 33.922150 -0.255098 -0.298376 0.919727 51.307571 0.000000 0.000000 0.000000 1.000000
0.963525 0.025402 0.266411 -5.180883 -0.077888 0.979009 0.188349 33.339191 -0.256035 -0.202229 0.945278 51.751358 0.000000 0.000000 0.000000 1.000000
0.964683 0.034125 0.261193 -4.953708 -0.066461 0.991025 0.115988 33.522129 -0.254890 -0.129251 0.958293 52.480385 0.000000 0.000000 0.000000 1.000000
0.965992 0.033665 0.256371 -4.441173 -0.052213 0.996460 0.065887 34.121563 -0.253246 -0.077032 0.964330 53.690929 0.000000 0.000000 0.000000 1.000000
0.968179 0.032568 0.248131 -3.728939 -0.039503 0.998954 0.023020 34.984882 -0.247122 -0.032089 0.968453 55.418842 0.000000 0.000000 0.000000 1.000000
0.971144 0.037725 0.235490 -2.940196 -0.034204 0.999234 -0.019018 35.927353 -0.236027 0.010414 0.971691 57.566044 0.000000 0.000000 0.000000 1.000000
0.973153 0.047234 0.225262 -2.113294 -0.034340 0.997558 -0.060823 36.809517 -0.227585 0.051454 0.972398 60.012466 0.000000 0.000000 0.000000 1.000000
0.974084 0.056711 0.218960 -1.245435 -0.035288 0.994307 -0.100544 37.568665 -0.223415 0.090212 0.970540 62.663029 0.000000 0.000000 0.000000 1.000000
0.974997 0.063932 0.212823 -0.378759 -0.035138 0.990027 -0.136428 38.145794 -0.219423 0.125538 0.967519 65.434273 0.000000 0.000000 0.000000 1.000000
0.976273 0.068527 0.205413 0.457416 -0.033474 0.984962 -0.169495 38.470387 -0.213939 0.158597 0.963886 68.280220 0.000000 0.000000 0.000000 1.000000
0.977318 0.071403 0.199376 1.258670 -0.030388 0.978986 -0.201651 38.481434 -0.209585 0.191019 0.958950 71.158714 0.000000 0.000000 0.000000 1.000000
0.977424 0.074485 0.197721 2.033944 -0.026655 0.971792 -0.234328 38.142204 -0.209598 0.223767 0.951839 74.027657 0.000000 0.000000 0.000000 1.000000
0.976627 0.078744 0.199998 2.777481 -0.022697 0.963055 -0.268345 37.433350 -0.213740 0.257534 0.942333 76.827690 0.000000 0.000000 0.000000 1.000000
0.975093 0.086180 0.204368 3.503879 -0.019519 0.951192 -0.307981 36.403267 -0.220935 0.296321 0.929183 79.519173 0.000000 0.000000 0.000000 1.000000
0.972274 0.097967 0.212335 4.228913 -0.015917 0.933635 -0.357873 35.113747 -0.233303 0.344571 0.909308 82.116508 0.000000 0.000000 0.000000 1.000000
0.967755 0.112508 0.225370 4.948717 -0.008995 0.909573 -0.415448 33.586208 -0.251732 0.400025 0.881256 84.618431 0.000000 0.000000 0.000000 1.000000
0.962348 0.129253 0.239124 5.656899 -0.000496 0.880546 -0.473961 31.850601 -0.271820 0.455997 0.847455 86.992599 0.000000 0.000000 0.000000 1.000000
0.957425 0.146788 0.248575 6.342158 0.009032 0.845420 -0.534025 29.930716 -0.288539 0.513534 0.808101 89.203484 0.000000 0.000000 0.000000 1.000000
0.953510 0.163453 0.253182 6.982809 0.022530 0.799116 -0.600754 27.838196 -0.300517 0.578530 0.758283 91.217140 0.000000 0.000000 0.000000 1.000000
0.949820 0.181062 0.255067 7.556346 0.038947 0.740635 -0.670778 25.599937 -0.310364 0.647052 0.696418 93.075027 0.000000 0.000000 0.000000 1.000000
0.945682 0.199741 0.256494 8.012095 0.056164 0.676740 -0.734077 23.228996 -0.320205 0.708609 0.628762 94.948051 0.000000 0.000000 0.000000 1.000000
0.942167 0.215392 0.256762 8.327305 0.073812 0.613956 -0.785881 20.725399 -0.326913 0.759384 0.562551 97.101273 0.000000 0.000000 0.000000 1.000000
0.941394 0.225972 0.250428 8.552361 0.090963 0.544851 -0.833584 18.083488 -0.324812 0.807511 0.492365 99.754951 0.000000 0.000000 0.000000 1.000000
0.943188 0.236343 0.233534 8.738356 0.104633 0.455828 -0.883897 15.233574 -0.315354 0.858116 0.405202 102.828278 0.000000 0.000000 0.000000 1.000000
0.946908 0.246622 0.206258 8.919316 0.111465 0.349920 -0.930124 12.319857 -0.301563 0.903733 0.303853 105.788658 0.000000 0.000000 0.000000 1.000000
0.953178 0.242464 0.180729 9.064505 0.113959 0.265584 -0.957329 10.201271 -0.280116 0.933101 0.225518 108.079773 0.000000 0.000000 0.000000 1.000000
0.958424 0.223184 0.177800 9.159864 0.120140 0.249565 -0.960877 9.751389 -0.258825 0.942288 0.212376 109.769768 0.000000 0.000000 0.000000 1.000000
0.959188 0.208626 0.190877 9.258592 0.132955 0.263012 -0.955588 10.574104 -0.249563 0.941966 0.224540 111.215012 0.000000 0.000000 0.000000 1.000000
0.958133 0.204063 0.200846 9.307536 0.149752 0.240724 -0.958971 11.374720 -0.244039 0.948899 0.200087 112.517136 0.000000 0.000000 0.000000 1.000000
0.957873 0.200504 0.205615 9.214440 0.169231 0.184384 -0.968175 11.471443 -0.232036 0.962185 0.142685 113.634254 0.000000 0.000000 0.000000 1.000000
0.957601 0.196949 0.210264 8.987319 0.188397 0.124067 -0.974225 11.069828 -0.217959 0.972532 0.081702 114.533348 0.000000 0.000000 0.000000 1.000000
0.956204 0.195689 0.217670 8.661087 0.205225 0.082021 -0.975272 10.617226 -0.208704 0.977230 0.038268 115.289536 0.000000 0.000000 0.000000 1.000000
0.953846 0.196835 0.226791 8.343023 0.217339 0.068654 -0.973679 10.331610 -0.207224 0.978030 0.022705 115.946457 0.000000 0.000000 0.000000 1.000000
0.952198 0.199449 0.231385 8.195524 0.221661 0.070096 -0.972601 10.141100 -0.210203 0.977398 0.022535 116.467003 0.000000 0.000000 0.000000 1.000000
0.952383 0.203584 0.226982 8.211627 0.217318 0.068937 -0.973664 10.002764 -0.213870 0.976627 0.021412 116.849014 0.000000 0.000000 0.000000 1.000000
0.951943 0.210466 0.222504 8.282081 0.211644 0.073086 -0.974610 9.878173 -0.221385 0.974865 0.025030 117.030670 0.000000 0.000000 0.000000 1.000000
0.949232 0.222025 0.222853 8.342676 0.206687 0.093870 -0.973894 9.799948 -0.237148 0.970512 0.043214 117.024109 0.000000 0.000000 0.000000 1.000000
0.945701 0.233218 0.226407 8.328950 0.201820 0.124698 -0.971452 9.750824 -0.254792 0.964396 0.070858 117.103722 0.000000 0.000000 0.000000 1.000000
0.943238 0.238806 0.230809 8.197055 0.198379 0.152246 -0.968229 9.768221 -0.266359 0.959058 0.096230 117.162109 0.000000 0.000000 0.000000 1.000000
0.940960 0.242208 0.236494 8.105122 0.198254 0.171980 -0.964945 9.784950 -0.274390 0.954860 0.113807 116.885872 0.000000 0.000000 0.000000 1.000000
0.939594 0.242757 0.241312 8.062654 0.199688 0.183837 -0.962460 9.797886 -0.278006 0.952509 0.124256 116.437759 0.000000 0.000000 0.000000 1.000000
0.939943 0.240299 0.242412 8.010569 0.199296 0.190198 -0.961304 9.834343 -0.277107 0.951883 0.130885 116.046021 0.000000 0.000000 0.000000 1.000000
0.941297 0.236612 0.240778 7.957819 0.197273 0.193238 -0.961115 9.874855 -0.273939 0.952194 0.135217 115.764618 0.000000 0.000000 0.000000 1.000000
0.942602 0.232470 0.239706 7.907596 0.196563 0.194011 -0.961105 9.909443 -0.269934 0.953057 0.137180 115.627617 0.000000 0.000000 0.000000 1.000000
0.942776 0.229606 0.241772 7.864127 0.198985 0.194383 -0.960531 9.942917 -0.267540 0.953675 0.137571 115.601562 0.000000 0.000000 0.000000 1.000000
0.941800 0.229356 0.245782 7.831626 0.203164 0.194182 -0.959697 9.972400 -0.267839 0.953776 0.136284 115.625542 0.000000 0.000000 0.000000 1.000000
0.941029 0.230486 0.247672 7.816176 0.205757 0.191234 -0.959736 9.993759 -0.268569 0.954100 0.132533 115.651924 0.000000 0.000000 0.000000 1.000000
0.941575 0.231193 0.244920 7.816065 0.204594 0.185025 -0.961201 10.004809 -0.267539 0.955152 0.126914 115.640266 0.000000 0.000000 0.000000 1.000000
0.943391 0.229932 0.239051 7.857464 0.201008 0.176966 -0.963472 9.990728 -0.263837 0.956982 0.120730 115.606956 0.000000 0.000000 0.000000 1.000000
0.945795 0.225939 0.233287 8.023882 0.197790 0.169003 -0.965566 9.937981 -0.257585 0.959369 0.115154 115.591606 0.000000 0.000000 0.000000 1.000000
0.948258 0.221304 0.227666 8.328514 0.194327 0.162521 -0.967380 9.885921 -0.251085 0.961567 0.111107 115.602982 0.000000 0.000000 0.000000 1.000000
0.950669 0.217732 0.220955 8.684468 0.189140 0.157720 -0.969201 9.882737 -0.245875 0.963181 0.108758 115.636879 0.000000 0.000000 0.000000 1.000000
0.953017 0.213919 0.214469 8.931465 0.183660 0.154978 -0.970696 9.952495 -0.240889 0.964479 0.108408 115.644165 0.000000 0.000000 0.000000 1.000000
0.954811 0.209901 0.210424 8.982525 0.179684 0.156288 -0.971230 10.095716 -0.236749 0.965151 0.111509 115.587059 0.000000 0.000000 0.000000 1.000000
0.955912 0.206362 0.208919 8.868802 0.177070 0.162493 -0.970692 10.277488 -0.234262 0.964889 0.118789 115.466545 0.000000 0.000000 0.000000 1.000000
0.956145 0.202748 0.211378 8.663912 0.177433 0.173241 -0.968765 10.460497 -0.233034 0.963785 0.129669 115.315002 0.000000 0.000000 0.000000 1.000000
0.955520 0.197617 0.218927 8.419844 0.182205 0.188158 -0.965090 10.644138 -0.231911 0.962052 0.143782 115.193039 0.000000 0.000000 0.000000 1.000000
0.954553 0.191562 0.228324 8.141399 0.188717 0.204459 -0.960511 10.834605 -0.230680 0.959948 0.159016 115.150047 0.000000 0.000000 0.000000 1.000000
0.954887 0.184265 0.232887 7.829813 0.191841 0.215873 -0.957390 10.976955 -0.226687 0.958877 0.170785 115.156586 0.000000 0.000000 0.000000 1.000000
0.956499 0.177622 0.231432 7.627875 0.190655 0.219868 -0.956718 11.030825 -0.220819 0.959223 0.176438 115.144493 0.000000 0.000000 0.000000 1.000000
0.957502 0.175248 0.229081 7.618322 0.188673 0.220173 -0.957040 11.018774 -0.218157 0.959590 0.177751 115.070396 0.000000 0.000000 0.000000 1.000000
0.957494 0.176861 0.227872 7.708538 0.187273 0.219704 -0.957423 11.002948 -0.219395 0.959401 0.177244 114.977585 0.000000 0.000000 0.000000 1.000000
0.957409 0.178228 0.227161 7.766769 0.186455 0.219069 -0.957728 11.005302 -0.220458 0.959293 0.176507 114.951324 0.000000 0.000000 0.000000 1.000000
0.957409 0.178226 0.227162 7.766778 0.186456 0.219070 -0.957728 11.005299 -0.220457 0.959293 0.176508 114.951324 0.000000 0.000000 0.000000 1.000000</float_array>
        <technique_common>
          <accessor source="#mixamorig_Hips-Matrix-animation-output-transform-array" count="107" stride="16">
            <param type="float4x4"/>
          </accessor>
        </technique_common>
      </source>
      <source id="mixamorig_Hips-Interpolations">
        <Name_array id="mixamorig_Hips-Interpolations-array" count="107">
 LINEAR LINEAR LINEAR LINEAR LINEAR LINEAR LINEAR LINEAR LINEAR LINEAR LINEAR
LINEAR LINEAR LINEAR LINEAR LINEAR LINEAR LINEAR LINEAR LINEAR LINEAR LINEAR LINEAR
LINEAR LINEAR LINEAR LINEAR LINEAR LINEAR LINEAR LINEAR LINEAR LINEAR LINEAR LINEAR
LINEAR LINEAR LINEAR LINEAR LINEAR LINEAR LINEAR LINEAR LINEAR LINEAR LINEAR LINEAR
LINEAR LINEAR LINEAR LINEAR LINEAR LINEAR LINEAR LINEAR LINEAR LINEAR LINEAR LINEAR
LINEAR LINEAR LINEAR LINEAR LINEAR LINEAR LINEAR LINEAR LINEAR LINEAR LINEAR LINEAR
LINEAR LINEAR LINEAR LINEAR LINEAR LINEAR LINEAR LINEAR LINEAR LINEAR LINEAR LINEAR
LINEAR LINEAR LINEAR LINEAR LINEAR LINEAR LINEAR LINEAR LINEAR LINEAR LINEAR LINEAR
LINEAR LINEAR LINEAR LINEAR LINEAR LINEAR LINEAR LINEAR LINEAR LINEAR LINEAR LINEAR</Name_array>
        <technique_common>
          <accessor source="#mixamorig_Hips-Interpolations-array" count="107">
            <param type="name"/>
          </accessor>
        </technique_common>
      </source>
      <sampler id="mixamorig_Hips-Matrix-animation-transform">
        <input semantic="INPUT" source="#mixamorig_Hips-Matrix-animation-input"/>
        <input semantic="OUTPUT" source="#mixamorig_Hips-Matrix-animation-output-transform"/>
        <input semantic="INTERPOLATION" source="#mixamorig_Hips-Interpolations"/>
      </sampler>
      <channel source="#mixamorig_Hips-Matrix-animation-transform" target="mixamorig_Hips/matrix"/>
    </animation>
    <animation id="mixamorig_Spine-anim" name="mixamorig_Spine">
      <source id="mixamorig_Spine-Matrix-animation-input">
        <float_array id="mixamorig_Spine-Matrix-animation-input-array" count="107">

0.000000 0.033333 0.066667 0.100000 0.133333 0.166667 0.200000 0.233333 0.266667 0.300000 0.333333 0.366667 0.400000 0.433333 0.466667 0.500000
0.533333 0.566667 0.600000 0.633333 0.666667 0.700000 0.733333 0.766667 0.800000 0.833333 0.866667 0.900000 0.933333 0.966667 1.000000 1.033333
1.066667 1.100000 1.133333 1.166667 1.200000 1.233333 1.266667 1.300000 1.333333 1.366667 1.400000 1.433333 1.466667 1.500000 1.533333 1.566667
1.600000 1.633333 1.666667 1.700000 1.733333 1.766667 1.800000 1.833333 1.866667 1.900000 1.933333 1.966667 2.000000 2.033333 2.066667 2.100000
2.133333 2.166667 2.200000 2.233333 2.266667 2.300000 2.333333 2.366667 2.400000 2.433333 2.466667 2.500000 2.533333 2.566667 2.600000 2.633333
2.666667 2.700000 2.733333 2.766667 2.800000 2.833333 2.866667 2.900000 2.933333 2.966667 3.000000 3.033333 3.066667 3.100000 3.133333 3.166667
3.200000 3.233333 3.266667 3.300000 3.333333 3.366667 3.400000 3.433333 3.466667 3.500000 3.533333</float_array>
        <technique_common>
          <accessor source="#mixamorig_Spine-Matrix-animation-input-array" count="107">
            <param name="TIME" type="float"/>
          </accessor>
        </technique_common>
      </source>
      <source id="mixamorig_Spine-Matrix-animation-output-transform">
        <float_array id="mixamorig_Spine-Matrix-animation-output-transform-array" count="1712">

0.999857 -0.015757 -0.006071 -0.000000 0.016153 0.997288 0.071800 10.246800 0.004923 -0.071887 0.997401 -1.182900 0.000000 0.000000 0.000000 1.000000
0.999846 -0.016964 -0.004569 0.000000 0.017267 0.996848 0.077437 10.246800 0.003241 -0.077504 0.996987 -1.182900 0.000000 0.000000 0.000000 1.000000
0.999821 -0.018416 -0.004225 0.000000 0.018701 0.996432 0.082300 10.246800 0.002695 -0.082364 0.996599 -1.182900 0.000000 0.000000 0.000000 1.000000
0.999777 -0.020291 -0.005858 -0.000000 0.020717 0.996149 0.085195 10.246800 0.004107 -0.085297 0.996347 -1.182900 0.000000 0.000000 0.000000 1.000000
0.999718 -0.022285 -0.008264 0.000000 0.022917 0.995986 0.086526 10.246800 0.006303 -0.086691 0.996215 -1.182900 0.000000 0.000000 0.000000 1.000000
0.999655 -0.024190 -0.010268 0.000000 0.024996 0.995852 0.087490 10.246800 0.008109 -0.087716 0.996113 -1.182900 0.000000 0.000000 0.000000 1.000000
0.999549 -0.027438 -0.012189 0.000000 0.028417 0.995610 0.089176 10.246800 0.009689 -0.089483 0.995941 -1.182900 0.000000 0.000000 0.000000 1.000000
0.999370 -0.032373 -0.014514 -0.000000 0.033567 0.995245 0.091433 10.246800 0.011485 -0.091863 0.995705 -1.182900 0.000000 0.000000 0.000000 1.000000
0.999215 -0.035776 -0.016990 0.000000 0.037208 0.994951 0.093206 10.246800 0.013570 -0.093765 0.995502 -1.182900 0.000000 0.000000 0.000000 1.000000
0.999156 -0.036239 -0.019357 -0.000000 0.037906 0.994841 0.094099 10.246800 0.015848 -0.094753 0.995375 -1.182900 0.000000 0.000000 0.000000 1.000000
0.999141 -0.035486 -0.021402 0.000000 0.037359 0.994815 0.094593 10.246800 0.017934 -0.095311 0.995286 -1.182900 0.000000 0.000000 0.000000 1.000000
0.999111 -0.035135 -0.023317 0.000000 0.037200 0.994779 0.095026 10.246800 0.019857 -0.095809 0.995202 -1.182900 0.000000 0.000000 0.000000 1.000000
0.999061 -0.035165 -0.025310 0.000000 0.037428 0.994742 0.095323 10.246800 0.021824 -0.096181 0.995125 -1.182900 0.000000 0.000000 0.000000 1.000000
0.999009 -0.035222 -0.027218 -0.000000 0.037667 0.994739 0.095267 10.246800 0.023719 -0.096198 0.995080 -1.182900 0.000000 0.000000 0.000000 1.000000
0.998966 -0.035219 -0.028751 0.000000 0.037809 0.994745 0.095151 10.246800 0.025249 -0.096139 0.995048 -1.182900 0.000000 0.000000 0.000000 1.000000
0.998917 -0.035544 -0.030015 0.000000 0.038254 0.994725 0.095176 10.246800 0.026474 -0.096222 0.995008 -1.182900 0.000000 0.000000 0.000000 1.000000
0.998855 -0.036376 -0.031064 0.000000 0.039188 0.994674 0.095328 10.246800 0.027431 -0.096436 0.994961 -1.182900 0.000000 0.000000 0.000000 1.000000
0.998797 -0.037326 -0.031803 0.000000 0.040213 0.994607 0.095605 10.246800 0.028063 -0.096769 0.994911 -1.182900 0.000000 0.000000 0.000000 1.000000
0.998753 -0.037985 -0.032404 -0.000000 0.040934 0.994558 0.095808 10.246800 0.028589 -0.097015 0.994872 -1.182900 0.000000 0.000000 0.000000 1.000000
0.998707 -0.038606 -0.033083 -0.000000 0.041620 0.994522 0.095882 10.246800 0.029200 -0.097135 0.994843 -1.182900 0.000000 0.000000 0.000000 1.000000
0.998662 -0.039272 -0.033642 0.000000 0.042343 0.994477 0.096029 10.246800 0.029685 -0.097325 0.994810 -1.182900 0.000000 0.000000 0.000000 1.000000
0.998628 -0.039772 -0.034069 0.000000 0.042888 0.994437 0.096209 10.246800 0.030053 -0.097538 0.994778 -1.182900 0.000000 0.000000 0.000000 1.000000
0.998616 -0.039692 -0.034513 0.000000 0.042838 0.994478 0.095799 10.246800 0.030520 -0.097145 0.994802 -1.182900 0.000000 0.000000 0.000000 1.000000
0.998621 -0.039212 -0.034905 0.000000 0.042356 0.994630 0.094434 10.246800 0.031015 -0.095782 0.994919 -1.182900 0.000000 0.000000 0.000000 1.000000
0.998629 -0.039044 -0.034864 0.000000 0.042123 0.994825 0.092464 10.246800 0.031073 -0.093806 0.995105 -1.182900 0.000000 0.000000 0.000000 1.000000
0.998640 -0.039210 -0.034361 0.000000 0.042172 0.995030 0.090201 10.246800 0.030654 -0.091528 0.995331 -1.182900 0.000000 0.000000 0.000000 1.000000
0.998638 -0.039547 -0.034032 0.000000 0.042397 0.995258 0.087543 10.246800 0.030409 -0.088867 0.995579 -1.182900 0.000000 0.000000 0.000000 1.000000
0.998586 -0.040267 -0.034701 -0.000000 0.043071 0.995512 0.084268 10.246800 0.031152 -0.085643 0.995839 -1.182900 0.000000 0.000000 0.000000 1.000000
0.998527 -0.040686 -0.035905 0.000000 0.043466 0.995816 0.080382 10.246800 0.032484 -0.081825 0.996117 -1.182900 0.000000 0.000000 0.000000 1.000000
0.998465 -0.040490 -0.037793 0.000000 0.043260 0.996199 0.075611 10.246800 0.034588 -0.077130 0.996421 -1.182900 0.000000 0.000000 0.000000 1.000000
0.998369 -0.039854 -0.040874 0.000000 0.042653 0.996630 0.070064 10.246800 0.037944 -0.071693 0.996705 -1.182900 0.000000 0.000000 0.000000 1.000000
0.998225 -0.039080 -0.044940 0.000000 0.041970 0.996984 0.065284 10.246800 0.042253 -0.067054 0.996854 -1.182900 0.000000 0.000000 0.000000 1.000000
0.998147 -0.036557 -0.048635 0.000000 0.039547 0.997292 0.062011 10.246800 0.046236 -0.063819 0.996890 -1.182900 0.000000 0.000000 0.000000 1.000000
0.998160 -0.030750 -0.052257 0.000000 0.033867 0.997632 0.059857 10.246800 0.050292 -0.061517 0.996838 -1.182900 0.000000 0.000000 0.000000 1.000000
0.998199 -0.021577 -0.055970 0.000000 0.024909 0.997915 0.059534 10.246800 0.054569 -0.060821 0.996656 -1.182900 0.000000 0.000000 0.000000 1.000000
0.998232 -0.010986 -0.058412 0.000000 0.014532 0.998054 0.060644 10.246800 0.057632 -0.061386 0.996449 -1.182900 0.000000 0.000000 0.000000 1.000000
0.998416 0.000196 -0.056256 0.000000 0.003395 0.997961 0.063732 10.246800 0.056154 -0.063822 0.996380 -1.182900 0.000000 0.000000 0.000000 1.000000
0.998598 0.007674 -0.052378 0.000000 -0.003968 0.997504 0.070492 10.246800 0.052788 -0.070185 0.996136 -1.182900 0.000000 0.000000 0.000000 1.000000
0.998741 0.009559 -0.049242 0.000000 -0.005748 0.997017 0.076962 10.246800 0.049831 -0.076582 0.995817 -1.182900 0.000000 0.000000 0.000000 1.000000
0.998956 0.012666 -0.043897 0.000000 -0.009144 0.996792 0.079516 10.246800 0.044764 -0.079032 0.995867 -1.182900 0.000000 0.000000 0.000000 1.000000
0.999153 0.018063 -0.036978 0.000000 -0.015089 0.996747 0.079174 10.246800 0.038288 -0.078549 0.996175 -1.182900 0.000000 0.000000 0.000000 1.000000
0.999345 0.021495 -0.029107 0.000000 -0.019075 0.996529 0.081032 10.246800 0.030748 -0.080424 0.996286 -1.182900 0.000000 0.000000 0.000000 1.000000
0.999506 0.021330 -0.023088 0.000000 -0.019424 0.996617 0.079860 10.246800 0.024713 -0.079372 0.996539 -1.182900 0.000000 0.000000 0.000000 1.000000
0.999456 0.020324 -0.025984 0.000000 -0.018504 0.997482 0.068462 10.246800 0.027310 -0.067944 0.997315 -1.182900 0.000000 0.000000 0.000000 1.000000
0.999260 0.021316 -0.032017 0.000000 -0.019595 0.998396 0.053121 10.246800 0.033098 -0.052454 0.998075 -1.182900 0.000000 0.000000 0.000000 1.000000
0.999157 0.020388 -0.035621 -0.000000 -0.018845 0.998891 0.043151 10.246800 0.036462 -0.042443 0.998433 -1.182900 0.000000 0.000000 0.000000 1.000000
0.999161 0.015325 -0.037972 0.000000 -0.013950 0.999246 0.036224 10.246800 0.038498 -0.035664 0.998622 -1.182900 0.000000 0.000000 0.000000 1.000000
0.999248 0.007174 -0.038095 0.000000 -0.005974 0.999485 0.031523 10.246800 0.038302 -0.031272 0.998777 -1.182900 0.000000 0.000000 0.000000 1.000000
0.999324 -0.001517 -0.036744 0.000000 0.002635 0.999534 0.030401 10.246800 0.036681 -0.030477 0.998862 -1.182900 0.000000 0.000000 0.000000 1.000000
0.999282 -0.009300 -0.036736 -0.000000 0.010536 0.999380 0.033595 10.246800 0.036400 -0.033958 0.998760 -1.182900 0.000000 0.000000 0.000000 1.000000
0.999128 -0.015957 -0.038585 0.000000 0.017509 0.999037 0.040225 10.246800 0.037906 -0.040865 0.998445 -1.182900 0.000000 0.000000 0.000000 1.000000
0.998910 -0.021699 -0.041326 0.000000 0.023698 0.998540 0.048532 10.246800 0.040213 -0.049458 0.997966 -1.182900 0.000000 0.000000 0.000000 1.000000
0.998692 -0.026525 -0.043710 0.000000 0.029010 0.997940 0.057226 10.246800 0.042102 -0.058420 0.997404 -1.182900 0.000000 0.000000 0.000000 1.000000
0.998464 -0.030757 -0.046086 0.000000 0.033765 0.997250 0.065972 10.246800 0.043930 -0.067427 0.996757 -1.182900 0.000000 0.000000 0.000000 1.000000
0.998170 -0.034969 -0.049324 0.000000 0.038591 0.996474 0.074499 10.246800 0.046545 -0.076266 0.996001 -1.182900 0.000000 0.000000 0.000000 1.000000
0.997841 -0.038876 -0.052928 0.000000 0.043160 0.995668 0.082358 10.246800 0.049496 -0.084464 0.995196 -1.182900 0.000000 0.000000 0.000000 1.000000
0.997438 -0.043483 -0.056812 0.000000 0.048496 0.994753 0.090079 10.246800 0.052597 -0.092603 0.994313 -1.182900 0.000000 0.000000 0.000000 1.000000
0.996871 -0.049577 -0.061561 0.000000 0.055492 0.993595 0.098433 10.246800 0.056287 -0.101541 0.993238 -1.182900 0.000000 0.000000 0.000000 1.000000
0.996211 -0.055832 -0.066675 0.000000 0.062750 0.992317 0.106624 10.246800 0.060210 -0.110404 0.992061 -1.182900 0.000000 0.000000 0.000000 1.000000
0.995548 -0.062075 -0.070926 0.000000 0.069820 0.991192 0.112531 10.246800 0.063316 -0.116982 0.991114 -1.182900 0.000000 0.000000 0.000000 1.000000
0.995002 -0.068128 -0.073002 0.000000 0.076281 0.990382 0.115433 10.246800 0.064436 -0.120425 0.990629 -1.182900 0.000000 0.000000 0.000000 1.000000
0.994761 -0.072526 -0.072047 0.000000 0.080592 0.989948 0.116222 10.246800 0.062894 -0.121420 0.990607 -1.182900 0.000000 0.000000 0.000000 1.000000
0.994635 -0.076092 -0.070075 0.000000 0.083797 0.989879 0.114529 10.246800 0.060651 -0.119787 0.990945 -1.182900 0.000000 0.000000 0.000000 1.000000
0.994378 -0.080435 -0.068868 -0.000000 0.087752 0.989960 0.110807 10.246800 0.059264 -0.116227 0.991453 -1.182900 0.000000 0.000000 0.000000 1.000000
0.994157 -0.083843 -0.067993 0.000000 0.090887 0.989971 0.108152 10.246800 0.058243 -0.113700 0.991806 -1.182900 0.000000 0.000000 0.000000 1.000000
0.994287 -0.083569 -0.066411 -0.000000 0.090453 0.989973 0.108500 10.246800 0.056678 -0.113887 0.991876 -1.182900 0.000000 0.000000 0.000000 1.000000
0.994668 -0.081274 -0.063476 -0.000000 0.088026 0.989798 0.112034 10.246800 0.053723 -0.117025 0.991675 -1.182900 0.000000 0.000000 0.000000 1.000000
0.995146 -0.077960 -0.060053 0.000000 0.084710 0.989205 0.119572 10.246800 0.050083 -0.124078 0.991008 -1.182900 0.000000 0.000000 0.000000 1.000000
0.996107 -0.068299 -0.055740 0.000000 0.074815 0.989371 0.124694 10.246800 0.046631 -0.128378 0.990628 -1.182900 0.000000 0.000000 0.000000 1.000000
0.997210 -0.056967 -0.048247 0.000000 0.062075 0.991767 0.112008 10.246800 0.041469 -0.114690 0.992535 -1.182900 0.000000 0.000000 0.000000 1.000000
0.997847 -0.051652 -0.040418 -0.000000 0.055110 0.994441 0.089722 10.246800 0.035558 -0.091756 0.995146 -1.182900 0.000000 0.000000 0.000000 1.000000
0.998102 -0.049550 -0.036567 0.000000 0.052461 0.995126 0.083504 10.246800 0.032251 -0.085263 0.995836 -1.182900 0.000000 0.000000 0.000000 1.000000
0.998188 -0.048795 -0.035201 -0.000000 0.051936 0.994154 0.094664 10.246800 0.030376 -0.096321 0.994887 -1.182900 0.000000 0.000000 0.000000 1.000000
0.998147 -0.050366 -0.034137 -0.000000 0.053685 0.993070 0.104549 10.246800 0.028635 -0.106188 0.993934 -1.182900 0.000000 0.000000 0.000000 1.000000
0.998039 -0.052847 -0.033552 -0.000000 0.056146 0.992727 0.106489 10.246800 0.027680 -0.108164 0.993748 -1.182900 0.000000 0.000000 0.000000 1.000000
0.997901 -0.055292 -0.033706 0.000000 0.058505 0.992930 0.103282 10.246800 0.027757 -0.105038 0.994081 -1.182900 0.000000 0.000000 0.000000 1.000000
0.997724 -0.058605 -0.033339 0.000000 0.061646 0.993178 0.098980 10.246800 0.027310 -0.100810 0.994531 -1.182900 0.000000 0.000000 0.000000 1.000000
0.997554 -0.063381 -0.029490 -0.000000 0.065940 0.993202 0.095920 10.246800 0.023210 -0.097630 0.994952 -1.182900 0.000000 0.000000 0.000000 1.000000
0.997274 -0.069213 -0.025595 0.000000 0.071327 0.993030 0.093833 10.246800 0.018922 -0.095403 0.995259 -1.182900 0.000000 0.000000 0.000000 1.000000
0.996836 -0.075859 -0.023732 -0.000000 0.077705 0.992892 0.090153 10.246800 0.016724 -0.091712 0.995645 -1.182900 0.000000 0.000000 0.000000 1.000000
0.996629 -0.078329 -0.024411 0.000000 0.080144 0.993119 0.085385 10.246800 0.017555 -0.087053 0.996049 -1.182900 0.000000 0.000000 0.000000 1.000000
0.996842 -0.075250 -0.025386 0.000000 0.077071 0.993759 0.080648 10.246800 0.019159 -0.082350 0.996419 -1.182900 0.000000 0.000000 0.000000 1.000000
0.996716 -0.076412 -0.026798 0.000000 0.078277 0.993927 0.077340 10.246800 0.020725 -0.079184 0.996645 -1.182900 0.000000 0.000000 0.000000 1.000000
0.996569 -0.078076 -0.027479 0.000000 0.079948 0.993950 0.075313 10.246800 0.021433 -0.077252 0.996781 -1.182900 0.000000 0.000000 0.000000 1.000000
0.996655 -0.077230 -0.026741 0.000000 0.079020 0.994119 0.074042 10.246800 0.020866 -0.075908 0.996897 -1.182900 0.000000 0.000000 0.000000 1.000000
0.996853 -0.075120 -0.025305 -0.000000 0.076791 0.994354 0.073231 10.246800 0.019661 -0.074944 0.996994 -1.182900 0.000000 0.000000 0.000000 1.000000
0.997119 -0.071990 -0.023890 0.000000 0.073555 0.994630 0.072810 10.246800 0.018520 -0.074358 0.997060 -1.182900 0.000000 0.000000 0.000000 1.000000
0.997342 -0.069010 -0.023392 0.000000 0.070541 0.994863 0.072599 10.246800 0.018261 -0.074056 0.997087 -1.182900 0.000000 0.000000 0.000000 1.000000
0.997443 -0.067298 -0.024068 -0.000000 0.068888 0.994963 0.072817 10.246800 0.019046 -0.074288 0.997055 -1.182900 0.000000 0.000000 0.000000 1.000000
0.997455 -0.066700 -0.025198 0.000000 0.068395 0.994926 0.073782 10.246800 0.020149 -0.075317 0.996956 -1.182900 0.000000 0.000000 0.000000 1.000000
0.997434 -0.066662 -0.026090 0.000000 0.068456 0.994811 0.075269 10.246800 0.020937 -0.076862 0.996822 -1.182900 0.000000 0.000000 0.000000 1.000000
0.997412 -0.066663 -0.026932 0.000000 0.068556 0.994681 0.076876 10.246800 0.021664 -0.078524 0.996677 -1.182900 0.000000 0.000000 0.000000 1.000000
0.997317 -0.067385 -0.028591 0.000000 0.069444 0.994492 0.078501 10.246800 0.023144 -0.080275 0.996504 -1.182900 0.000000 0.000000 0.000000 1.000000
0.997075 -0.070003 -0.030660 -0.000000 0.072255 0.994187 0.079823 10.246800 0.024894 -0.081805 0.996337 -1.182900 0.000000 0.000000 0.000000 1.000000
0.996742 -0.073995 -0.032081 0.000000 0.076368 0.993830 0.080433 10.246800 0.025931 -0.082621 0.996244 -1.182900 0.000000 0.000000 0.000000 1.000000
0.996544 -0.076573 -0.032182 0.000000 0.078938 0.993657 0.080092 10.246800 0.025845 -0.082356 0.996268 -1.182900 0.000000 0.000000 0.000000 1.000000
0.996588 -0.076451 -0.031103 0.000000 0.078693 0.993783 0.078761 10.246800 0.024888 -0.080939 0.996408 -1.182900 0.000000 0.000000 0.000000 1.000000
0.996850 -0.073834 -0.028964 0.000000 0.075862 0.994169 0.076639 10.246800 0.023136 -0.078595 0.996638 -1.182900 0.000000 0.000000 0.000000 1.000000
0.997160 -0.070203 -0.027279 0.000000 0.072048 0.994664 0.073845 10.246800 0.021949 -0.075601 0.996897 -1.182900 0.000000 0.000000 0.000000 1.000000
0.997426 -0.066401 -0.027071 0.000000 0.068161 0.995194 0.070309 10.246800 0.022272 -0.071973 0.997158 -1.182900 0.000000 0.000000 0.000000 1.000000
0.997711 -0.061619 -0.027848 0.000000 0.063353 0.995778 0.066422 10.246800 0.023638 -0.068034 0.997403 -1.182900 0.000000 0.000000 0.000000 1.000000
0.998180 -0.053609 -0.027612 0.000000 0.055273 0.996447 0.063544 10.246800 0.024107 -0.064954 0.997597 -1.182900 0.000000 0.000000 0.000000 1.000000
0.998566 -0.046457 -0.026617 0.000000 0.048045 0.996886 0.062525 10.246800 0.023629 -0.063714 0.997688 -1.182900 0.000000 0.000000 0.000000 1.000000
0.998687 -0.044083 -0.026079 0.000000 0.045647 0.996984 0.062762 10.246800 0.023233 -0.063870 0.997688 -1.182900 0.000000 0.000000 0.000000 1.000000
0.998685 -0.044314 -0.025784 0.000000 0.045871 0.996938 0.063330 10.246800 0.022899 -0.064429 0.997660 -1.182900 0.000000 0.000000 0.000000 1.000000
0.998667 -0.044786 -0.025648 0.000000 0.046341 0.996897 0.063625 10.246800 0.022719 -0.064729 0.997644 -1.182900 0.000000 0.000000 0.000000 1.000000
0.998667 -0.044785 -0.025648 -0.000000 0.046340 0.996897 0.063624 10.246800 0.022719 -0.064728 0.997644 -1.182900 0.000000 0.000000 0.000000 1.000000</float_array>
        <technique_common>
          <accessor source="#mixamorig_Spine-Matrix-animation-output-transform-array" count="107" stride="16">
            <param type="float4x4"/>
          </accessor>
        </technique_common>
      </source>
      <source id="mixamorig_Spine-Interpolations">
        <Name_array id="mixamorig_Spine-Interpolations-array" count="107">
 LINEAR LINEAR LINEAR LINEAR LINEAR LINEAR LINEAR LINEAR LINEAR LINEAR LINEAR
LINEAR LINEAR LINEAR LINEAR LINEAR LINEAR LINEAR LINEAR LINEAR LINEAR LINEAR LINEAR
LINEAR LINEAR LINEAR LINEAR LINEAR LINEAR LINEAR LINEAR LINEAR LINEAR LINEAR LINEAR
LINEAR LINEAR LINEAR LINEAR LINEAR LINEAR LINEAR LINEAR LINEAR LINEAR LINEAR LINEAR
LINEAR LINEAR LINEAR LINEAR LINEAR LINEAR LINEAR LINEAR LINEAR LINEAR LINEAR LINEAR
LINEAR LINEAR LINEAR LINEAR LINEAR LINEAR LINEAR LINEAR LINEAR LINEAR LINEAR LINEAR
LINEAR LINEAR LINEAR LINEAR LINEAR LINEAR LINEAR LINEAR LINEAR LINEAR LINEAR LINEAR
LINEAR LINEAR LINEAR LINEAR LINEAR LINEAR LINEAR LINEAR LINEAR LINEAR LINEAR LINEAR
LINEAR LINEAR LINEAR LINEAR LINEAR LINEAR LINEAR LINEAR LINEAR LINEAR LINEAR LINEAR</Name_array>
        <technique_common>
          <accessor source="#mixamorig_Spine-Interpolations-array" count="107">
            <param type="name"/>
          </accessor>
        </technique_common>
      </source>
      <sampler id="mixamorig_Spine-Matrix-animation-transform">
        <input semantic="INPUT" source="#mixamorig_Spine-Matrix-animation-input"/>
        <input semantic="OUTPUT" source="#mixamorig_Spine-Matrix-animation-output-transform"/>
        <input semantic="INTERPOLATION" source="#mixamorig_Spine-Interpolations"/>
      </sampler>
      <channel source="#mixamorig_Spine-Matrix-animation-transform" target="mixamorig_Spine/matrix"/>
    </animation>
    <animation id="mixamorig_Spine1-anim" name="mixamorig_Spine1">
      <source id="mixamorig_Spine1-Matrix-animation-input">
        <float_array id="mixamorig_Spine1-Matrix-animation-input-array" count="107">

0.000000 0.033333 0.066667 0.100000 0.133333 0.166667 0.200000 0.233333 0.266667 0.300000 0.333333 0.366667 0.400000 0.433333 0.466667 0.500000
0.533333 0.566667 0.600000 0.633333 0.666667 0.700000 0.733333 0.766667 0.800000 0.833333 0.866667 0.900000 0.933333 0.966667 1.000000 1.033333
1.066667 1.100000 1.133333 1.166667 1.200000 1.233333 1.266667 1.300000 1.333333 1.366667 1.400000 1.433333 1.466667 1.500000 1.533333 1.566667
1.600000 1.633333 1.666667 1.700000 1.733333 1.766667 1.800000 1.833333 1.866667 1.900000 1.933333 1.966667 2.000000 2.033333 2.066667 2.100000
