<?xml version="1.0" encoding="utf-8"?>
<COLLADA xmlns="http://www.collada.org/2005/11/COLLADASchema" version="1.4.1">
  <asset>
    <contributor>
      <author>Mixamo</author>
      <authoring_tool>COLLADA Mixamo exporter</authoring_tool>
      <comments/>
    </contributor>
    <created>2024-12-19T12:54:06Z</created>
    <modified>2024-12-19T12:54:06Z</modified>
    <revision/>
    <title/>
    <unit meter="0.010000"/>
    <up_axis>Y_UP</up_axis>
  </asset>
  <library_animations>
    <animation id="mixamorig_Hips-anim" name="mixamorig_Hips">
      <source id="mixamorig_Hips-Matrix-animation-input">
        <float_array id="mixamorig_Hips-Matrix-animation-input-array" count="14">

0.000000 0.033333 0.066667 0.100000 0.133333 0.166667 0.200000 0.233333 0.266667 0.300000 0.333333 0.366667 0.400000 0.433333</float_array>
        <technique_common>
          <accessor source="#mixamorig_Hips-Matrix-animation-input-array" count="14">
            <param name="TIME" type="float"/>
          </accessor>
        </technique_common>
      </source>
      <source id="mixamorig_Hips-Matrix-animation-output-transform">
        <float_array id="mixamorig_Hips-Matrix-animation-output-transform-array" count="224">

0.766897 0.125794 -0.629321 -0.273690 0.025767 0.973776 0.226046 94.261055 0.641253 -0.189570 0.743545 0.039466 0.000000 0.000000 0.000000 1.000000
0.766893 0.125812 -0.629323 -0.866624 0.025744 0.973776 0.226046 94.261803 0.641259 -0.189554 0.743543 0.039418 0.000000 0.000000 0.000000 1.000000
0.766902 0.125734 -0.629326 -2.028385 0.025845 0.973774 0.226046 94.247192 0.641243 -0.189620 0.743540 -1.098246 0.000000 0.000000 0.000000 1.000000
0.766891 0.125545 -0.629378 -2.348726 0.026100 0.973767 0.226046 93.964203 0.641246 -0.189780 0.743496 -1.601923 0.000000 0.000000 0.000000 1.000000
0.766835 0.125091 -0.629537 -2.371885 0.026728 0.973750 0.226044 93.038857 0.641287 -0.190164 0.743363 -1.726449 0.000000 0.000000 0.000000 1.000000
0.766828 0.125003 -0.629563 -2.159892 0.026847 0.973747 0.226044 92.874146 0.641291 -0.190239 0.743340 -1.766980 0.000000 0.000000 0.000000 1.000000
0.766836 0.125021 -0.629549 -1.803076 0.026820 0.973748 0.226044 92.955276 0.641283 -0.190223 0.743352 -1.758065 0.000000 0.000000 0.000000 1.000000
0.766853 0.125116 -0.629510 -1.372131 0.026687 0.973751 0.226044 93.200249 0.641268 -0.190143 0.743385 -1.685640 0.000000 0.000000 0.000000 1.000000
0.766869 0.125286 -0.629456 -0.937676 0.026454 0.973758 0.226045 93.530014 0.641258 -0.189999 0.743430 -1.324552 0.000000 0.000000 0.000000 1.000000
0.766881 0.125505 -0.629399 -0.570295 0.026159 0.973765 0.226045 93.862030 0.641256 -0.189814 0.743479 -0.699479 0.000000 0.000000 0.000000 1.000000
0.766889 0.125688 -0.629351 -0.365129 0.025910 0.973772 0.226046 94.108536 0.641256 -0.189659 0.743519 -0.170164 0.000000 0.000000 0.000000 1.000000
0.766894 0.125757 -0.629332 -0.291142 0.025817 0.973774 0.226046 94.205490 0.641254 -0.189601 0.743535 -0.019622 0.000000 0.000000 0.000000 1.000000
0.766897 0.125783 -0.629324 -0.272268 0.025781 0.973775 0.226046 94.247726 0.641253 -0.189578 0.743542 0.014046 0.000000 0.000000 0.000000 1.000000
0.766897 0.125794 -0.629321 -0.273690 0.025767 0.973776 0.226046 94.261055 0.641253 -0.189570 0.743545 0.039466 0.000000 0.000000 0.000000 1.000000</float_array>
        <technique_common>
          <accessor source="#mixamorig_Hips-Matrix-animation-output-transform-array" count="14" stride="16">
            <param type="float4x4"/>
          </accessor>
        </technique_common>
      </source>
      <source id="mixamorig_Hips-Interpolations">
        <Name_array id="mixamorig_Hips-Interpolations-array" count="14">
 LINEAR LINEAR LINEAR LINEAR LINEAR LINEAR LINEAR LINEAR LINEAR LINEAR LINEAR
LINEAR LINEAR LINEAR</Name_array>
        <technique_common>
          <accessor source="#mixamorig_Hips-Interpolations-array" count="14">
            <param type="name"/>
          </accessor>
        </technique_common>
      </source>
      <sampler id="mixamorig_Hips-Matrix-animation-transform">
        <input semantic="INPUT" source="#mixamorig_Hips-Matrix-animation-input"/>
        <input semantic="OUTPUT" source="#mixamorig_Hips-Matrix-animation-output-transform"/>
        <input semantic="INTERPOLATION" source="#mixamorig_Hips-Interpolations"/>
      </sampler>
      <channel source="#mixamorig_Hips-Matrix-animation-transform" target="mixamorig_Hips/matrix"/>
    </animation>
    <animation id="mixamorig_Spine-anim" name="mixamorig_Spine">
      <source id="mixamorig_Spine-Matrix-animation-input">
        <float_array id="mixamorig_Spine-Matrix-animation-input-array" count="14">

0.000000 0.033333 0.066667 0.100000 0.133333 0.166667 0.200000 0.233333 0.266667 0.300000 0.333333 0.366667 0.400000 0.433333</float_array>
        <technique_common>
          <accessor source="#mixamorig_Spine-Matrix-animation-input-array" count="14">
            <param name="TIME" type="float"/>
          </accessor>
        </technique_common>
      </source>
      <source id="mixamorig_Spine-Matrix-animation-output-transform">
        <float_array id="mixamorig_Spine-Matrix-animation-output-transform-array" count="224">

0.999992 0.003964 -0.000341 -0.000000 -0.003971 0.999690 -0.024562 10.246800 0.000244 0.024563 0.999698 -1.182900 0.000000 0.000000 0.000000 1.000000
0.999959 0.003004 0.008558 -0.000000 -0.002777 0.999647 -0.026424 10.246800 -0.008634 0.026399 0.999614 -1.182900 0.000000 0.000000 0.000000 1.000000
0.999667 -0.024255 -0.008764 -0.000000 0.024143 0.999627 -0.012760 10.246800 0.009070 0.012544 0.999880 -1.182900 0.000000 0.000000 0.000000 1.000000
0.999071 -0.033713 -0.026840 0.000000 0.033722 0.999431 -0.000115 10.246800 0.026829 -0.000790 0.999640 -1.182900 0.000000 0.000000 0.000000 1.000000
0.998853 -0.031916 -0.035702 0.000000 0.032231 0.999446 0.008293 10.246800 0.035417 -0.009434 0.999328 -1.182900 0.000000 0.000000 0.000000 1.000000
0.998821 -0.027732 -0.039850 0.000000 0.028214 0.999535 0.011602 10.246800 0.039510 -0.012713 0.999138 -1.182900 0.000000 0.000000 0.000000 1.000000
0.999097 -0.020469 -0.037231 0.000000 0.020775 0.999753 0.007850 10.246800 0.037061 -0.008616 0.999276 -1.182900 0.000000 0.000000 0.000000 1.000000
0.999543 -0.008232 -0.029103 0.000000 0.008264 0.999965 0.000985 10.246800 0.029094 -0.001225 0.999576 -1.182900 0.000000 0.000000 0.000000 1.000000
0.999786 0.003947 -0.020298 -0.000000 -0.004091 0.999967 -0.007085 10.246800 0.020270 0.007166 0.999769 -1.182900 0.000000 0.000000 0.000000 1.000000
0.999828 0.009784 -0.015774 0.000000 -0.010010 0.999848 -0.014274 10.246800 0.015632 0.014429 0.999774 -1.182900 0.000000 0.000000 0.000000 1.000000
0.999855 0.009777 -0.013977 0.000000 -0.010053 0.999753 -0.019830 10.246800 0.013780 0.019968 0.999706 -1.182900 0.000000 0.000000 0.000000 1.000000
0.999934 0.007072 -0.009082 -0.000000 -0.007276 0.999719 -0.022563 10.246800 0.008920 0.022628 0.999704 -1.182900 0.000000 0.000000 0.000000 1.000000
0.999992 0.004014 -0.000778 0.000000 -0.004032 0.999698 -0.024247 10.246800 0.000681 0.024250 0.999706 -1.182900 0.000000 0.000000 0.000000 1.000000
0.999992 0.003964 -0.000341 -0.000000 -0.003971 0.999690 -0.024562 10.246800 0.000244 0.024563 0.999698 -1.182900 0.000000 0.000000 0.000000 1.000000</float_array>
        <technique_common>
          <accessor source="#mixamorig_Spine-Matrix-animation-output-transform-array" count="14" stride="16">
            <param type="float4x4"/>
          </accessor>
        </technique_common>
      </source>
      <source id="mixamorig_Spine-Interpolations">
        <Name_array id="mixamorig_Spine-Interpolations-array" count="14">
 LINEAR LINEAR LINEAR LINEAR LINEAR LINEAR LINEAR LINEAR LINEAR LINEAR LINEAR
LINEAR LINEAR LINEAR</Name_array>
        <technique_common>
          <accessor source="#mixamorig_Spine-Interpolations-array" count="14">
            <param type="name"/>
          </accessor>
        </technique_common>
      </source>
      <sampler id="mixamorig_Spine-Matrix-animation-transform">
        <input semantic="INPUT" source="#mixamorig_Spine-Matrix-animation-input"/>
        <input semantic="OUTPUT" source="#mixamorig_Spine-Matrix-animation-output-transform"/>
        <input semantic="INTERPOLATION" source="#mixamorig_Spine-Interpolations"/>
      </sampler>
      <channel source="#mixamorig_Spine-Matrix-animation-transform" target="mixamorig_Spine/matrix"/>
    </animation>
    <animation id="mixamorig_Spine1-anim" name="mixamorig_Spine1">
      <source id="mixamorig_Spine1-Matrix-animation-input">
        <float_array id="mixamorig_Spine1-Matrix-animation-input-array" count="14">

0.000000 0.033333 0.066667 0.100000 0.133333 0.166667 0.200000 0.233333 0.266667 0.300000 0.333333 0.366667 0.400000 0.433333</float_array>
        <technique_common>
          <accessor source="#mixamorig_Spine1-Matrix-animation-input-array" count="14">
            <param name="TIME" type="float"/>
          </accessor>
        </technique_common>
      </source>
      <source id="mixamorig_Spine1-Matrix-animation-output-transform">
        <float_array id="mixamorig_Spine1-Matrix-animation-output-transform-array" count="224">

0.999913 0.013185 -0.000683 0.000000 -0.012841 0.959159 -0.282576 12.034000 -0.003070 0.282560 0.959245 0.000000 0.000000 0.000000 0.000000 1.000000
0.999244 -0.038831 -0.001837 0.000000 0.036913 0.962598 -0.268407 12.034000 0.012191 0.268136 0.963304 0.000000 0.000000 0.000000 0.000000 1.000000
0.996898 -0.078243 -0.008479 0.000000 0.073527 0.964364 -0.254156 12.034000 0.028062 0.252745 0.967126 0.000000 0.000000 0.000000 0.000000 1.000000
0.996783 -0.078683 -0.015239 0.000000 0.072112 0.963487 -0.257860 12.034000 0.034972 0.255932 0.966062 -0.000000 0.000000 0.000000 0.000000 1.000000
0.997035 -0.073035 -0.024248 0.000000 0.064212 0.963217 -0.260939 12.034000 0.042413 0.258609 0.965051 0.000000 0.000000 0.000000 0.000000 1.000000
0.997583 -0.062291 -0.030779 0.000000 0.051871 0.962418 -0.266571 12.034000 0.046227 0.264331 0.963324 0.000000 0.000000 0.000000 0.000000 1.000000
0.998541 -0.043828 -0.031542 0.000000 0.033477 0.960789 -0.275252 12.034000 0.042369 0.273795 0.960854 0.000000 0.000000 0.000000 0.000000 1.000000
0.999498 -0.017801 -0.026203 0.000000 0.009681 0.959257 -0.282369 12.034000 0.030162 0.281974 0.958948 0.000000 0.000000 0.000000 0.000000 1.000000
0.999791 0.003170 -0.020188 0.000000 -0.008787 0.958582 -0.284681 12.034000 0.018450 0.284799 0.958410 -0.000000 0.000000 0.000000 0.000000 1.000000
0.999753 0.011302 -0.019157 0.000000 -0.016286 0.958559 -0.284428 12.034000 0.015148 0.284670 0.958506 0.000000 0.000000 0.000000 0.000000 1.000000
0.999715 0.011961 -0.020659 0.000000 -0.017339 0.958664 -0.284011 12.034000 0.016408 0.284288 0.958598 0.000000 0.000000 0.000000 0.000000 1.000000
0.999830 0.011508 -0.014416 0.000000 -0.015123 0.958871 -0.283438 12.034000 0.010561 0.283608 0.958882 0.000000 0.000000 0.000000 0.000000 1.000000
0.999914 0.013100 -0.000717 0.000000 -0.012768 0.959084 -0.282835 12.034000 -0.003018 0.282820 0.959168 0.000000 0.000000 0.000000 0.000000 1.000000
0.999913 0.013185 -0.000683 0.000000 -0.012841 0.959159 -0.282576 12.034000 -0.003070 0.282560 0.959245 0.000000 0.000000 0.000000 0.000000 1.000000</float_array>
        <technique_common>
          <accessor source="#mixamorig_Spine1-Matrix-animation-output-transform-array" count="14" stride="16">
            <param type="float4x4"/>
          </accessor>
        </technique_common>
      </source>
      <source id="mixamorig_Spine1-Interpolations">
        <Name_array id="mixamorig_Spine1-Interpolations-array" count="14">
 LINEAR LINEAR LINEAR LINEAR LINEAR LINEAR LINEAR LINEAR LINEAR LINEAR LINEAR
LINEAR LINEAR LINEAR</Name_array>
        <technique_common>
          <accessor source="#mixamorig_Spine1-Interpolations-array" count="14">
            <param type="name"/>
          </accessor>
        </technique_common>
      </source>
      <sampler id="mixamorig_Spine1-Matrix-animation-transform">
        <input semantic="INPUT" source="#mixamorig_Spine1-Matrix-animation-input"/>
        <input semantic="OUTPUT" source="#mixamorig_Spine1-Matrix-animation-output-transform"/>
        <input semantic="INTERPOLATION" source="#mixamorig_Spine1-Interpolations"/>
      </sampler>
      <channel source="#mixamorig_Spine1-Matrix-animation-transform" target="mixamorig_Spine1/matrix"/>
    </animation>
    <animation id="mixamorig_Spine2-anim" name="mixamorig_Spine2">
      <source id="mixamorig_Spine2-Matrix-animation-input">
        <float_array id="mixamorig_Spine2-Matrix-animation-input-array" count="14">

0.000000 0.033333 0.066667 0.100000 0.133333 0.166667 0.200000 0.233333 0.266667 0.300000 0.333333 0.366667 0.400000 0.433333</float_array>
        <technique_common>
          <accessor source="#mixamorig_Spine2-Matrix-animation-input-array" count="14">
            <param name="TIME" type="float"/>
          </accessor>
        </technique_common>
      </source>
      <source id="mixamorig_Spine2-Matrix-animation-output-transform">
        <float_array id="mixamorig_Spine2-Matrix-animation-output-transform-array" count="224">

0.999915 0.012888 -0.001902 0.000000 -0.012900 0.959158 -0.282576 13.753100 -0.001818 0.282576 0.959243 0.000000 0.000000 0.000000 0.000000 1.000000
0.998822 -0.048534 0.000268 -0.000000 0.046833 0.962348 -0.267757 13.753100 0.012737 0.267454 0.963487 0.000000 0.000000 0.000000 0.000000 1.000000
0.992642 -0.121011 0.004220 0.000000 0.118100 0.959896 -0.254269 13.753100 0.026718 0.252897 0.967124 -0.000000 0.000000 0.000000 0.000000 1.000000
0.992941 -0.117781 -0.013998 -0.000000 0.110012 0.958642 -0.262494 13.753100 0.044336 0.259101 0.964832 0.000000 0.000000 0.000000 0.000000 1.000000
0.995411 -0.088354 -0.036759 -0.000000 0.075223 0.959873 -0.270160 13.753100 0.059154 0.266155 0.962114 0.000000 0.000000 0.000000 0.000000 1.000000
0.997174 -0.057233 -0.048666 0.000000 0.041376 0.959076 -0.280111 13.753100 0.062706 0.277305 0.958733 0.000000 0.000000 0.000000 0.000000 1.000000
0.998260 -0.030764 -0.050296 0.000000 0.014750 0.956260 -0.292145 13.753100 0.057084 0.290895 0.955051 0.000000 0.000000 0.000000 0.000000 1.000000
0.998984 -0.012026 -0.043426 0.000000 -0.001613 0.953563 -0.301190 13.753100 0.045032 0.300954 0.952575 0.000000 0.000000 0.000000 0.000000 1.000000
0.999437 -0.005513 -0.033094 -0.000000 -0.004761 0.953123 -0.302546 13.753100 0.033211 0.302534 0.952560 0.000000 0.000000 0.000000 0.000000 1.000000
0.999681 -0.002302 -0.025168 0.000000 -0.005292 0.954705 -0.297508 13.753100 0.024713 0.297546 0.954388 -0.000000 0.000000 0.000000 0.000000 1.000000
0.999779 0.007113 -0.019778 -0.000000 -0.012567 0.956578 -0.291207 13.753100 0.016848 0.291391 0.956456 0.000000 0.000000 0.000000 0.000000 1.000000
0.999834 0.013336 -0.012401 0.000000 -0.016322 0.958229 -0.285535 13.753100 0.008075 0.285690 0.958288 0.000000 0.000000 0.000000 0.000000 1.000000
0.999916 0.012733 -0.002236 0.000000 -0.012846 0.959123 -0.282698 13.753100 -0.001455 0.282703 0.959206 0.000000 0.000000 0.000000 0.000000 1.000000
0.999915 0.012888 -0.001902 0.000000 -0.012900 0.959158 -0.282576 13.753100 -0.001818 0.282576 0.959243 0.000000 0.000000 0.000000 0.000000 1.000000</float_array>
        <technique_common>
          <accessor source="#mixamorig_Spine2-Matrix-animation-output-transform-array" count="14" stride="16">
            <param type="float4x4"/>
          </accessor>
        </technique_common>
      </source>
      <source id="mixamorig_Spine2-Interpolations">
        <Name_array id="mixamorig_Spine2-Interpolations-array" count="14">
 LINEAR LINEAR LINEAR LINEAR LINEAR LINEAR LINEAR LINEAR LINEAR LINEAR LINEAR
LINEAR LINEAR LINEAR</Name_array>
        <technique_common>
          <accessor source="#mixamorig_Spine2-Interpolations-array" count="14">
            <param type="name"/>
          </accessor>
        </technique_common>
      </source>
      <sampler id="mixamorig_Spine2-Matrix-animation-transform">
        <input semantic="INPUT" source="#mixamorig_Spine2-Matrix-animation-input"/>
        <input semantic="OUTPUT" source="#mixamorig_Spine2-Matrix-animation-output-transform"/>
        <input semantic="INTERPOLATION" source="#mixamorig_Spine2-Interpolations"/>
      </sampler>
      <channel source="#mixamorig_Spine2-Matrix-animation-transform" target="mixamorig_Spine2/matrix"/>
    </animation>
    <animation id="mixamorig_Neck-anim" name="mixamorig_Neck">
      <source id="mixamorig_Neck-Matrix-animation-input">
        <float_array id="mixamorig_Neck-Matrix-animation-input-array" count="14">

0.000000 0.033333 0.066667 0.100000 0.133333 0.166667 0.200000 0.233333 0.266667 0.300000 0.333333 0.366667 0.400000 0.433333</float_array>
        <technique_common>
          <accessor source="#mixamorig_Neck-Matrix-animation-input-array" count="14">
            <param name="TIME" type="float"/>
          </accessor>
        </technique_common>
      </source>
      <source id="mixamorig_Neck-Matrix-animation-output-transform">
        <float_array id="mixamorig_Neck-Matrix-animation-output-transform-array" count="224">

0.991382 -0.014493 0.130197 -0.000000 0.030269 0.992310 -0.120020 15.472300 -0.127456 0.122926 0.984197 0.000000 0.000000 0.000000 0.000000 1.000000
0.983039 -0.077379 0.166276 0.000000 0.088682 0.994150 -0.061657 15.472300 -0.160532 0.075357 0.984150 0.000000 0.000000 0.000000 0.000000 1.000000
0.978728 -0.054114 0.197896 -0.000000 0.048099 0.998226 0.035077 15.472300 -0.199443 -0.024812 0.979595 0.000000 0.000000 0.000000 0.000000 1.000000
0.980018 -0.063833 0.188389 0.000000 0.054963 0.997136 0.051942 15.472300 -0.191165 -0.040550 0.980720 0.000000 0.000000 0.000000 0.000000 1.000000
0.981796 -0.085096 0.169808 0.000000 0.079780 0.996092 0.037900 15.472300 -0.172369 -0.023662 0.984748 0.000000 0.000000 0.000000 0.000000 1.000000
0.983025 -0.095236 0.156821 0.000000 0.094173 0.995454 0.014216 15.472300 -0.157462 0.000794 0.987525 -0.000000 0.000000 0.000000 0.000000 1.000000
0.984548 -0.089126 0.150741 0.000000 0.091307 0.995794 -0.007593 15.472300 -0.149430 0.021239 0.988544 0.000000 0.000000 0.000000 0.000000 1.000000
0.986728 -0.074376 0.144349 0.000000 0.080354 0.996115 -0.036022 15.472300 -0.141109 0.047143 0.988871 -0.000000 0.000000 0.000000 0.000000 1.000000
0.989149 -0.057238 0.135306 0.000000 0.068266 0.994589 -0.078312 15.472300 -0.130092 0.086699 0.987704 0.000000 0.000000 0.000000 0.000000 1.000000
0.990485 -0.038947 0.131992 -0.000000 0.054741 0.991477 -0.118226 15.472300 -0.126263 0.124326 0.984175 -0.000000 0.000000 0.000000 0.000000 1.000000
0.990484 -0.022302 0.135808 0.000000 0.041160 0.989622 -0.137672 15.472300 -0.131329 0.141952 0.981123 -0.000000 0.000000 0.000000 0.000000 1.000000
0.990653 -0.013950 0.135692 0.000000 0.032594 0.990149 -0.136169 15.472300 -0.132455 0.139319 0.981349 -0.000000 0.000000 0.000000 0.000000 1.000000
0.991374 -0.014456 0.130262 -0.000000 0.030266 0.992285 -0.120226 15.472300 -0.127519 0.123131 0.984163 -0.000000 0.000000 0.000000 0.000000 1.000000
0.991382 -0.014493 0.130197 -0.000000 0.030269 0.992310 -0.120020 15.472300 -0.127456 0.122926 0.984197 0.000000 0.000000 0.000000 0.000000 1.000000</float_array>
        <technique_common>
          <accessor source="#mixamorig_Neck-Matrix-animation-output-transform-array" count="14" stride="16">
            <param type="float4x4"/>
          </accessor>
        </technique_common>
      </source>
      <source id="mixamorig_Neck-Interpolations">
        <Name_array id="mixamorig_Neck-Interpolations-array" count="14">
 LINEAR LINEAR LINEAR LINEAR LINEAR LINEAR LINEAR LINEAR LINEAR LINEAR LINEAR
LINEAR LINEAR LINEAR</Name_array>
        <technique_common>
          <accessor source="#mixamorig_Neck-Interpolations-array" count="14">
            <param type="name"/>
          </accessor>
        </technique_common>
      </source>
      <sampler id="mixamorig_Neck-Matrix-animation-transform">
        <input semantic="INPUT" source="#mixamorig_Neck-Matrix-animation-input"/>
        <input semantic="OUTPUT" source="#mixamorig_Neck-Matrix-animation-output-transform"/>
        <input semantic="INTERPOLATION" source="#mixamorig_Neck-Interpolations"/>
      </sampler>
      <channel source="#mixamorig_Neck-Matrix-animation-transform" target="mixamorig_Neck/matrix"/>
    </animation>
    <animation id="mixamorig_Head-anim" name="mixamorig_Head">
      <source id="mixamorig_Head-Matrix-animation-input">
        <float_array id="mixamorig_Head-Matrix-animation-input-array" count="14">

0.000000 0.033333 0.066667 0.100000 0.133333 0.166667 0.200000 0.233333 0.266667 0.300000 0.333333 0.366667 0.400000 0.433333</float_array>
        <technique_common>
          <accessor source="#mixamorig_Head-Matrix-animation-input-array" count="14">
            <param name="TIME" type="float"/>
          </accessor>
        </technique_common>
      </source>
      <source id="mixamorig_Head-Matrix-animation-output-transform">
        <float_array id="mixamorig_Head-Matrix-animation-output-transform-array" count="224">

0.909869 -0.191457 0.368080 -0.000000 0.160602 0.980527 0.113026 6.121700 -0.382552 -0.043724 0.922899 2.117600 0.000000 0.000000 0.000000 1.000000
0.884401 -0.001812 0.466724 -0.000000 -0.037150 0.996546 0.074265 6.121700 -0.465247 -0.083019 0.881279 2.117600 0.000000 0.000000 0.000000 1.000000
0.889562 0.020710 0.456345 0.000000 -0.084372 0.989234 0.119575 6.121700 -0.448955 -0.144872 0.881732 2.117600 0.000000 0.000000 0.000000 1.000000
0.895466 -0.021933 0.444590 0.000000 -0.087123 0.970832 0.223372 6.121700 -0.436521 -0.238756 0.867436 2.117600 0.000000 0.000000 0.000000 1.000000
0.903803 -0.129230 0.407970 0.000000 -0.002131 0.951945 0.306262 6.121700 -0.427943 -0.277670 0.860095 2.117600 0.000000 0.000000 0.000000 1.000000
0.898398 -0.238472 0.368797 0.000000 0.110272 0.935322 0.336174 6.121700 -0.425112 -0.261350 0.866588 2.117600 0.000000 0.000000 0.000000 1.000000
0.902653 -0.251679 0.349107 0.000000 0.155581 0.947147 0.280547 6.121700 -0.401264 -0.198922 0.894101 2.117600 0.000000 0.000000 0.000000 1.000000
0.923067 -0.212985 0.320288 0.000000 0.150471 0.966290 0.208910 6.121700 -0.353986 -0.144644 0.923998 2.117600 0.000000 0.000000 0.000000 1.000000
0.939098 -0.167803 0.299896 -0.000000 0.128194 0.980744 0.147334 6.121700 -0.318844 -0.099916 0.942526 2.117600 0.000000 0.000000 0.000000 1.000000
0.938467 -0.145587 0.313184 -0.000000 0.114830 0.986751 0.114612 6.121700 -0.325721 -0.071597 0.942751 2.117600 0.000000 0.000000 0.000000 1.000000
0.924499 -0.158219 0.346796 0.000000 0.126922 0.985645 0.111330 6.121700 -0.359433 -0.058909 0.931310 2.117600 0.000000 0.000000 0.000000 1.000000
0.911619 -0.179931 0.369561 -0.000000 0.145605 0.982158 0.119020 6.121700 -0.384382 -0.054691 0.921553 2.117600 0.000000 0.000000 0.000000 1.000000
0.909758 -0.191858 0.368145 0.000000 0.159542 0.980280 0.116613 6.121700 -0.383258 -0.047355 0.922427 2.117600 0.000000 0.000000 0.000000 1.000000
0.909869 -0.191457 0.368080 -0.000000 0.160602 0.980527 0.113026 6.121700 -0.382552 -0.043724 0.922899 2.117600 0.000000 0.000000 0.000000 1.000000</float_array>
        <technique_common>
          <accessor source="#mixamorig_Head-Matrix-animation-output-transform-array" count="14" stride="16">
            <param type="float4x4"/>
          </accessor>
        </technique_common>
      </source>
      <source id="mixamorig_Head-Interpolations">
        <Name_array id="mixamorig_Head-Interpolations-array" count="14">
 LINEAR LINEAR LINEAR LINEAR LINEAR LINEAR LINEAR LINEAR LINEAR LINEAR LINEAR
LINEAR LINEAR LINEAR</Name_array>
        <technique_common>
          <accessor source="#mixamorig_Head-Interpolations-array" count="14">
            <param type="name"/>
          </accessor>
        </technique_common>
      </source>
      <sampler id="mixamorig_Head-Matrix-animation-transform">
        <input semantic="INPUT" source="#mixamorig_Head-Matrix-animation-input"/>
        <input semantic="OUTPUT" source="#mixamorig_Head-Matrix-animation-output-transform"/>
        <input semantic="INTERPOLATION" source="#mixamorig_Head-Interpolations"/>
      </sampler>
      <channel source="#mixamorig_Head-Matrix-animation-transform" target="mixamorig_Head/matrix"/>
    </animation>
    <animation id="mixamorig_LeftShoulder-anim" name="mixamorig_LeftShoulder">
      <source id="mixamorig_LeftShoulder-Matrix-animation-input">
        <float_array id="mixamorig_LeftShoulder-Matrix-animation-input-array" count="14">

0.000000 0.033333 0.066667 0.100000 0.133333 0.166667 0.200000 0.233333 0.266667 0.300000 0.333333 0.366667 0.400000 0.433333</float_array>
        <technique_common>
          <accessor source="#mixamorig_LeftShoulder-Matrix-animation-input-array" count="14">
            <param name="TIME" type="float"/>
          </accessor>
        </technique_common>
      </source>
      <source id="mixamorig_LeftShoulder-Matrix-animation-output-transform">
        <float_array id="mixamorig_LeftShoulder-Matrix-animation-output-transform-array" count="224">

0.057366 0.969636 -0.237727 6.584100 -0.609706 -0.154529 -0.777418 13.677400 -0.790549 0.189541 0.582329 -0.199400 0.000000 0.000000 0.000000 1.000000
0.046628 0.971486 -0.232466 6.584100 -0.607260 -0.157210 -0.778794 13.677400 -0.793134 0.177481 0.582614 -0.199400 0.000000 0.000000 0.000000 1.000000
0.060576 0.987442 -0.145907 6.584100 -0.595239 -0.081605 -0.799394 13.677400 -0.801262 0.135274 0.582821 -0.199400 0.000000 0.000000 0.000000 1.000000
0.146634 0.984660 0.094572 6.584100 -0.576783 0.162779 -0.800515 13.677400 -0.803630 0.062835 0.591803 -0.199400 0.000000 0.000000 0.000000 1.000000
0.186264 0.968678 0.164221 6.584100 -0.567049 0.242488 -0.787182 13.677400 -0.802347 0.053502 0.594455 -0.199400 0.000000 0.000000 0.000000 1.000000
0.200512 0.963266 0.178642 6.584100 -0.563511 0.262561 -0.783274 13.677400 -0.801405 0.056390 0.595457 -0.199400 0.000000 0.000000 0.000000 1.000000
0.194705 0.969200 0.150801 6.584100 -0.566135 0.236593 -0.789629 13.677400 -0.800987 0.068371 0.594765 -0.199400 0.000000 0.000000 0.000000 1.000000
0.174648 0.980332 0.091910 6.584100 -0.573227 0.177127 -0.800023 13.677400 -0.800568 0.087037 0.592887 -0.199400 0.000000 0.000000 0.000000 1.000000
0.146123 0.989177 0.013313 6.584100 -0.582603 0.096924 -0.806957 13.677400 -0.799514 0.110158 0.590460 -0.199400 0.000000 0.000000 0.000000 1.000000
0.114639 0.990757 -0.072518 6.584100 -0.592345 0.009572 -0.805627 13.677400 -0.797487 0.135313 0.587968 -0.199400 0.000000 0.000000 0.000000 1.000000
0.085385 0.984614 -0.152459 6.584100 -0.601007 -0.071146 -0.796071 13.677400 -0.794670 0.159601 0.585685 -0.199400 0.000000 0.000000 0.000000 1.000000
0.063358 0.974800 -0.213895 6.584100 -0.607492 -0.132373 -0.783218 13.677400 -0.791795 0.179563 0.583796 -0.199400 0.000000 0.000000 0.000000 1.000000
0.053560 0.967958 -0.245334 6.584100 -0.610814 -0.162603 -0.774898 13.677400 -0.789960 0.191357 0.582533 -0.199400 0.000000 0.000000 0.000000 1.000000
0.057366 0.969636 -0.237727 6.584100 -0.609706 -0.154529 -0.777418 13.677400 -0.790549 0.189541 0.582329 -0.199400 0.000000 0.000000 0.000000 1.000000</float_array>
        <technique_common>
          <accessor source="#mixamorig_LeftShoulder-Matrix-animation-output-transform-array" count="14" stride="16">
            <param type="float4x4"/>
          </accessor>
        </technique_common>
      </source>
      <source id="mixamorig_LeftShoulder-Interpolations">
        <Name_array id="mixamorig_LeftShoulder-Interpolations-array" count="14">
 LINEAR LINEAR LINEAR LINEAR LINEAR LINEAR LINEAR LINEAR LINEAR LINEAR LINEAR
LINEAR LINEAR LINEAR</Name_array>
        <technique_common>
          <accessor source="#mixamorig_LeftShoulder-Interpolations-array" count="14">
            <param type="name"/>
          </accessor>
        </technique_common>
      </source>
      <sampler id="mixamorig_LeftShoulder-Matrix-animation-transform">
        <input semantic="INPUT" source="#mixamorig_LeftShoulder-Matrix-animation-input"/>
        <input semantic="OUTPUT" source="#mixamorig_LeftShoulder-Matrix-animation-output-transform"/>
        <input semantic="INTERPOLATION" source="#mixamorig_LeftShoulder-Interpolations"/>
      </sampler>
      <channel source="#mixamorig_LeftShoulder-Matrix-animation-transform" target="mixamorig_LeftShoulder/matrix"/>
    </animation>
    <animation id="mixamorig_LeftArm-anim" name="mixamorig_LeftArm">
      <source id="mixamorig_LeftArm-Matrix-animation-input">
        <float_array id="mixamorig_LeftArm-Matrix-animation-input-array" count="14">

0.000000 0.033333 0.066667 0.100000 0.133333 0.166667 0.200000 0.233333 0.266667 0.300000 0.333333 0.366667 0.400000 0.433333</float_array>
        <technique_common>
          <accessor source="#mixamorig_LeftArm-Matrix-animation-input-array" count="14">
            <param name="TIME" type="float"/>
          </accessor>
        </technique_common>
      </source>
      <source id="mixamorig_LeftArm-Matrix-animation-output-transform">
        <float_array id="mixamorig_LeftArm-Matrix-animation-output-transform-array" count="224">

0.785232 -0.568118 -0.246279 -0.000000 0.207266 0.615949 -0.760032 13.782200 0.583483 0.545756 0.601414 -0.000000 0.000000 0.000000 0.000000 1.000000
0.863707 -0.403969 -0.301361 0.000000 -0.003616 0.592963 -0.805222 13.782200 0.503980 0.696566 0.510685 0.000000 0.000000 0.000000 0.000000 1.000000
0.856922 -0.301610 -0.417991 0.000000 -0.238963 0.486057 -0.840622 13.782200 0.456708 0.820232 0.344439 -0.000000 0.000000 0.000000 0.000000 1.000000
0.865691 -0.181009 -0.466707 -0.000000 -0.375824 0.380840 -0.844818 13.782200 0.330660 0.906751 0.261662 -0.000000 0.000000 0.000000 0.000000 1.000000
0.854165 -0.103598 -0.509577 -0.000000 -0.435864 0.391794 -0.810259 13.782200 0.283591 0.914202 0.289502 -0.000000 0.000000 0.000000 0.000000 1.000000
0.843371 -0.107089 -0.526552 0.000000 -0.439617 0.425953 -0.790759 13.782200 0.308968 0.898385 0.312158 -0.000000 0.000000 0.000000 0.000000 1.000000
0.834263 -0.162924 -0.526745 -0.000000 -0.401892 0.474357 -0.783242 13.782200 0.377474 0.865125 0.330261 0.000000 0.000000 0.000000 0.000000 1.000000
0.823757 -0.267563 -0.499835 0.000000 -0.314549 0.517802 -0.795575 13.782200 0.471682 0.812583 0.342382 0.000000 0.000000 0.000000 0.000000 1.000000
0.815879 -0.369493 -0.444766 -0.000000 -0.200339 0.540914 -0.816870 13.782200 0.542408 0.755570 0.367297 -0.000000 0.000000 0.000000 0.000000 1.000000
0.806803 -0.445974 -0.387525 0.000000 -0.083413 0.563359 -0.821991 13.782200 0.584902 0.695510 0.417320 0.000000 0.000000 0.000000 0.000000 1.000000
0.795598 -0.498888 -0.343705 -0.000000 0.023058 0.591859 -0.805711 13.782200 0.605385 0.633098 0.482386 0.000000 0.000000 0.000000 0.000000 1.000000
0.783605 -0.545460 -0.297384 0.000000 0.123974 0.606343 -0.785480 13.782200 0.608764 0.578638 0.542757 0.000000 0.000000 0.000000 0.000000 1.000000
0.777634 -0.575656 -0.252794 -0.000000 0.197986 0.605837 -0.770560 13.782200 0.596730 0.549164 0.585091 0.000000 0.000000 0.000000 0.000000 1.000000
0.785232 -0.568118 -0.246279 -0.000000 0.207266 0.615949 -0.760032 13.782200 0.583483 0.545756 0.601414 -0.000000 0.000000 0.000000 0.000000 1.000000</float_array>
        <technique_common>
          <accessor source="#mixamorig_LeftArm-Matrix-animation-output-transform-array" count="14" stride="16">
            <param type="float4x4"/>
          </accessor>
        </technique_common>
      </source>
      <source id="mixamorig_LeftArm-Interpolations">
        <Name_array id="mixamorig_LeftArm-Interpolations-array" count="14">
 LINEAR LINEAR LINEAR LINEAR LINEAR LINEAR LINEAR LINEAR LINEAR LINEAR LINEAR
LINEAR LINEAR LINEAR</Name_array>
        <technique_common>
          <accessor source="#mixamorig_LeftArm-Interpolations-array" count="14">
            <param type="name"/>
          </accessor>
        </technique_common>
      </source>
      <sampler id="mixamorig_LeftArm-Matrix-animation-transform">
        <input semantic="INPUT" source="#mixamorig_LeftArm-Matrix-animation-input"/>
        <input semantic="OUTPUT" source="#mixamorig_LeftArm-Matrix-animation-output-transform"/>
        <input semantic="INTERPOLATION" source="#mixamorig_LeftArm-Interpolations"/>
      </sampler>
      <channel source="#mixamorig_LeftArm-Matrix-animation-transform" target="mixamorig_LeftArm/matrix"/>
    </animation>
    <animation id="mixamorig_LeftForeArm-anim" name="mixamorig_LeftForeArm">
      <source id="mixamorig_LeftForeArm-Matrix-animation-input">
        <float_array id="mixamorig_LeftForeArm-Matrix-animation-input-array" count="14">

0.000000 0.033333 0.066667 0.100000 0.133333 0.166667 0.200000 0.233333 0.266667 0.300000 0.333333 0.366667 0.400000 0.433333</float_array>
        <technique_common>
          <accessor source="#mixamorig_LeftForeArm-Matrix-animation-input-array" count="14">
            <param name="TIME" type="float"/>
          </accessor>
        </technique_common>
      </source>
      <source id="mixamorig_LeftForeArm-Matrix-animation-output-transform">
        <float_array id="mixamorig_LeftForeArm-Matrix-animation-output-transform-array" count="224">

0.430000 -0.900891 0.059118 0.083300 0.900203 0.422840 -0.104116 25.861601 0.068800 0.097988 0.992807 0.071400 0.000000 0.000000 0.000000 1.000000
0.367005 -0.927861 0.066189 0.083300 0.927133 0.359069 -0.107211 25.861601 0.075711 0.100713 0.992031 0.071400 0.000000 0.000000 0.000000 1.000000
0.517700 -0.854142 0.049284 0.083300 0.853515 0.511621 -0.098771 25.861601 0.059150 0.093198 0.993889 0.071400 0.000000 0.000000 0.000000 1.000000
0.552252 -0.832439 0.045412 0.083300 0.831838 0.546600 -0.096296 25.861601 0.055338 0.090955 0.994316 0.071400 0.000000 0.000000 0.000000 1.000000
0.467442 -0.882316 0.054918 0.083300 0.881654 0.460742 -0.101990 25.861601 0.064684 0.096094 0.993268 0.071400 0.000000 0.000000 0.000000 1.000000
0.412240 -0.909024 0.061112 0.083300 0.908324 0.404860 -0.105048 25.861601 0.070750 0.098814 0.992588 0.071400 0.000000 0.000000 0.000000 1.000000
0.373413 -0.925352 0.065470 0.083300 0.924628 0.365556 -0.106923 25.861601 0.075008 0.100462 0.992109 0.071400 0.000000 0.000000 0.000000 1.000000
0.356712 -0.931784 0.067345 0.083300 0.931049 0.348649 -0.107662 25.861601 0.076838 0.101106 0.991904 0.071400 0.000000 0.000000 0.000000 1.000000
0.358911 -0.930957 0.067098 0.083300 0.930224 0.350875 -0.107567 25.861601 0.076597 0.101023 0.991931 0.071400 0.000000 0.000000 0.000000 1.000000
0.375381 -0.924571 0.065249 0.083300 0.923848 0.367548 -0.106833 25.861601 0.074792 0.100383 0.992134 0.071400 0.000000 0.000000 0.000000 1.000000
0.387672 -0.919582 0.063869 0.083300 0.918867 0.379990 -0.106260 25.861601 0.073445 0.099881 0.992285 0.071400 0.000000 0.000000 0.000000 1.000000
0.415901 -0.907382 0.060700 0.083300 0.906685 0.408567 -0.104860 25.861601 0.070348 0.098648 0.992633 0.071400 0.000000 0.000000 0.000000 1.000000
0.439586 -0.896323 0.058043 0.083300 0.895642 0.432543 -0.103593 25.861601 0.067747 0.097524 0.992925 0.071400 0.000000 0.000000 0.000000 1.000000
0.430000 -0.900891 0.059118 0.083300 0.900203 0.422840 -0.104116 25.861601 0.068800 0.097988 0.992807 0.071400 0.000000 0.000000 0.000000 1.000000</float_array>
        <technique_common>
          <accessor source="#mixamorig_LeftForeArm-Matrix-animation-output-transform-array" count="14" stride="16">
            <param type="float4x4"/>
          </accessor>
        </technique_common>
      </source>
      <source id="mixamorig_LeftForeArm-Interpolations">
        <Name_array id="mixamorig_LeftForeArm-Interpolations-array" count="14">
 LINEAR LINEAR LINEAR LINEAR LINEAR LINEAR LINEAR LINEAR LINEAR LINEAR LINEAR
LINEAR LINEAR LINEAR</Name_array>
        <technique_common>
          <accessor source="#mixamorig_LeftForeArm-Interpolations-array" count="14">
            <param type="name"/>
          </accessor>
        </technique_common>
      </source>
      <sampler id="mixamorig_LeftForeArm-Matrix-animation-transform">
        <input semantic="INPUT" source="#mixamorig_LeftForeArm-Matrix-animation-input"/>
        <input semantic="OUTPUT" source="#mixamorig_LeftForeArm-Matrix-animation-output-transform"/>
        <input semantic="INTERPOLATION" source="#mixamorig_LeftForeArm-Interpolations"/>
      </sampler>
      <channel source="#mixamorig_LeftForeArm-Matrix-animation-transform" target="mixamorig_LeftForeArm/matrix"/>
    </animation>
    <animation id="mixamorig_LeftHand-anim" name="mixamorig_LeftHand">
      <source id="mixamorig_LeftHand-Matrix-animation-input">
        <float_array id="mixamorig_LeftHand-Matrix-animation-input-array" count="14">

0.000000 0.033333 0.066667 0.100000 0.133333 0.166667 0.200000 0.233333 0.266667 0.300000 0.333333 0.366667 0.400000 0.433333</float_array>
        <technique_common>
          <accessor source="#mixamorig_LeftHand-Matrix-animation-input-array" count="14">
            <param name="TIME" type="float"/>
          </accessor>
        </technique_common>
      </source>
      <source id="mixamorig_LeftHand-Matrix-animation-output-transform">
        <float_array id="mixamorig_LeftHand-Matrix-animation-output-transform-array" count="224">

-0.448333 0.425857 -0.785903 0.068100 -0.096285 0.851094 0.516109 24.066200 0.888666 0.307059 -0.340570 0.015500 0.000000 0.000000 0.000000 1.000000
-0.411373 0.409695 -0.814200 0.068100 -0.084610 0.872264 0.481661 24.066200 0.907531 0.267032 -0.324162 0.015500 0.000000 0.000000 0.000000 1.000000
-0.398091 0.250151 -0.882580 0.068100 -0.195934 0.916714 0.348203 24.066200 0.896177 0.311544 -0.315923 0.015500 0.000000 0.000000 0.000000 1.000000
-0.497389 0.133664 -0.857169 0.068100 -0.211746 0.939470 0.269368 24.066200 0.841289 0.315483 -0.438979 0.015500 0.000000 0.000000 0.000000 1.000000
-0.542713 0.181471 -0.820080 0.068100 -0.183771 0.927068 0.326762 24.066200 0.819568 0.328045 -0.469783 0.015500 0.000000 0.000000 0.000000 1.000000
-0.542961 0.236532 -0.805758 0.068100 -0.151854 0.916039 0.371232 24.066200 0.825914 0.323921 -0.461455 0.015500 0.000000 0.000000 0.000000 1.000000
-0.511276 0.289203 -0.809295 0.068100 -0.134424 0.903178 0.407675 24.066200 0.848839 0.317223 -0.422898 0.015500 0.000000 0.000000 0.000000 1.000000
-0.455533 0.347644 -0.819532 0.068100 -0.127007 0.885799 0.446351 24.066200 0.881112 0.307414 -0.359358 0.015500 0.000000 0.000000 0.000000 1.000000
-0.404375 0.393601 -0.825566 0.068100 -0.122534 0.871206 0.475380 24.066200 0.906348 0.293391 -0.304064 0.015500 0.000000 0.000000 0.000000 1.000000
-0.381390 0.422192 -0.822372 0.068100 -0.119376 0.859671 0.496703 24.066200 0.916674 0.287609 -0.277470 0.015500 0.000000 0.000000 0.000000 1.000000
-0.382939 0.442031 -0.811151 0.068100 -0.120268 0.846755 0.518211 24.066200 0.915911 0.295999 -0.271093 0.015500 0.000000 0.000000 0.000000 1.000000
-0.400224 0.442513 -0.802498 0.068100 -0.119831 0.842902 0.524555 24.066200 0.908549 0.306103 -0.284323 0.015500 0.000000 0.000000 0.000000 1.000000
-0.426474 0.430349 -0.795562 0.068100 -0.111614 0.847799 0.518439 24.066200 0.897587 0.309896 -0.313531 0.015500 0.000000 0.000000 0.000000 1.000000
-0.448333 0.425857 -0.785903 0.068100 -0.096285 0.851094 0.516109 24.066200 0.888666 0.307059 -0.340570 0.015500 0.000000 0.000000 0.000000 1.000000</float_array>
        <technique_common>
          <accessor source="#mixamorig_LeftHand-Matrix-animation-output-transform-array" count="14" stride="16">
            <param type="float4x4"/>
          </accessor>
        </technique_common>
      </source>
      <source id="mixamorig_LeftHand-Interpolations">
        <Name_array id="mixamorig_LeftHand-Interpolations-array" count="14">
 LINEAR LINEAR LINEAR LINEAR LINEAR LINEAR LINEAR LINEAR LINEAR LINEAR LINEAR
LINEAR LINEAR LINEAR</Name_array>
        <technique_common>
          <accessor source="#mixamorig_LeftHand-Interpolations-array" count="14">
