<?xml version="1.0" encoding="utf-8"?>
<COLLADA xmlns="http://www.collada.org/2005/11/COLLADASchema" version="1.4.1">
  <asset>
    <contributor>
      <author>Mixamo</author>
      <authoring_tool>COLLADA Mixamo exporter</authoring_tool>
      <comments/>
    </contributor>
    <created>2024-11-07T08:51:08Z</created>
    <modified>2024-11-07T08:51:08Z</modified>
    <revision/>
    <title/>
    <unit meter="0.010000"/>
    <up_axis>Y_UP</up_axis>
  </asset>
  <library_animations>
    <animation id="mixamorig_Hips-anim" name="mixamorig_Hips">
      <source id="mixamorig_Hips-Matrix-animation-input">
        <float_array id="mixamorig_Hips-Matrix-animation-input-array" count="89">

0.000000 0.033333 0.066667 0.100000 0.133333 0.166667 0.200000 0.233333 0.266667 0.300000 0.333333 0.366667 0.400000 0.433333 0.466667 0.500000
0.533333 0.566667 0.600000 0.633333 0.666667 0.700000 0.733333 0.766667 0.800000 0.833333 0.866667 0.900000 0.933333 0.966667 1.000000 1.033333
1.066667 1.100000 1.133333 1.166667 1.200000 1.233333 1.266667 1.300000 1.333333 1.366667 1.400000 1.433333 1.466667 1.500000 1.533333 1.566667
1.600000 1.633333 1.666667 1.700000 1.733333 1.766667 1.800000 1.833333 1.866667 1.900000 1.933333 1.966667 2.000000 2.033333 2.066667 2.100000
2.133333 2.166667 2.200000 2.233333 2.266667 2.300000 2.333333 2.366667 2.400000 2.433333 2.466667 2.500000 2.533333 2.566667 2.600000 2.633333
2.666667 2.700000 2.733333 2.766667 2.800000 2.833333 2.866667 2.900000 2.933333</float_array>
        <technique_common>
          <accessor source="#mixamorig_Hips-Matrix-animation-input-array" count="89">
            <param name="TIME" type="float"/>
          </accessor>
        </technique_common>
      </source>
      <source id="mixamorig_Hips-Matrix-animation-output-transform">
        <float_array id="mixamorig_Hips-Matrix-animation-output-transform-array" count="1424">

0.999656 0.021118 -0.015570 0.084954 -0.020863 0.999648 0.016390 97.484741 0.015911 -0.016060 0.999744 0.899678 0.000000 0.000000 0.000000 1.000000
0.999678 0.023573 -0.009384 0.089309 -0.023396 0.999554 0.018557 97.451935 0.009818 -0.018331 0.999784 1.083271 0.000000 0.000000 0.000000 1.000000
0.999667 0.025381 -0.004586 0.109014 -0.025276 0.999446 0.021661 97.393723 0.005133 -0.021537 0.999755 1.293408 0.000000 0.000000 0.000000 1.000000
0.999647 0.026502 -0.001852 0.113909 -0.026447 0.999330 0.025288 97.381508 0.002521 -0.025230 0.999678 1.499389 0.000000 0.000000 0.000000 1.000000
0.999623 0.027452 -0.000755 0.088134 -0.027418 0.999202 0.029045 97.518257 0.001551 -0.029013 0.999578 1.672857 0.000000 0.000000 0.000000 1.000000
0.999588 0.028701 -0.000529 0.056983 -0.028668 0.999056 0.032632 97.877998 0.001465 -0.032603 0.999467 1.834478 0.000000 0.000000 0.000000 1.000000
0.999553 0.029873 -0.000891 0.034674 -0.029822 0.998910 0.035914 98.433304 0.001963 -0.035871 0.999354 2.006458 0.000000 0.000000 0.000000 1.000000
0.999527 0.030692 -0.001822 -0.002591 -0.030597 0.998772 0.038971 99.056061 0.003016 -0.038897 0.999239 2.161049 0.000000 0.000000 0.000000 1.000000
0.999492 0.031709 -0.003188 -0.075071 -0.031548 0.998626 0.041835 99.602783 0.004510 -0.041713 0.999119 2.280545 0.000000 0.000000 0.000000 1.000000
0.999443 0.033012 -0.004834 -0.145199 -0.032769 0.998507 0.043706 99.997330 0.006269 -0.043523 0.999033 2.363960 0.000000 0.000000 0.000000 1.000000
0.999403 0.033889 -0.006688 -0.178404 -0.033573 0.998523 0.042721 100.238426 0.008126 -0.042471 0.999065 2.463102 0.000000 0.000000 0.000000 1.000000
0.999413 0.033114 -0.008819 -0.179580 -0.032761 0.998758 0.037526 100.245720 0.010050 -0.037215 0.999257 2.628520 0.000000 0.000000 0.000000 1.000000
0.999481 0.030210 -0.011178 -0.168315 -0.029877 0.999138 0.028828 99.810730 0.012039 -0.028479 0.999522 2.833189 0.000000 0.000000 0.000000 1.000000
0.999571 0.026137 -0.013226 -0.159786 -0.025891 0.999495 0.018443 98.878197 0.013702 -0.018093 0.999742 3.009733 0.000000 0.000000 0.000000 1.000000
0.999661 0.022246 -0.013562 -0.149352 -0.022142 0.999724 0.007809 97.788368 0.013732 -0.007506 0.999878 3.082748 0.000000 0.000000 0.000000 1.000000
0.999769 0.019824 -0.008274 -0.098863 -0.019834 0.999803 -0.001208 97.034706 0.008249 0.001372 0.999965 2.965077 0.000000 0.000000 0.000000 1.000000
0.999744 0.020424 0.009774 -0.043101 -0.020377 0.999781 -0.004861 96.837830 -0.009871 0.004660 0.999940 2.650082 0.000000 0.000000 0.000000 1.000000
0.998718 0.023822 0.044654 -0.027700 -0.023846 0.999716 0.000014 97.132210 -0.044641 -0.001079 0.999003 2.497000 0.000000 0.000000 0.000000 1.000000
0.995730 0.025701 0.088668 0.010547 -0.026773 0.999582 0.010917 97.743271 -0.088351 -0.013244 0.996001 2.565533 0.000000 0.000000 0.000000 1.000000
0.991512 0.022685 0.128022 0.062873 -0.025560 0.999456 0.020858 98.472031 -0.127479 -0.023954 0.991552 2.605402 0.000000 0.000000 0.000000 1.000000
0.987320 0.016484 0.157885 0.085297 -0.020815 0.999450 0.025817 99.165268 -0.157373 -0.028776 0.987120 2.608260 0.000000 0.000000 0.000000 1.000000
0.983058 0.008525 0.183098 0.110390 -0.013796 0.999526 0.027533 99.702881 -0.182776 -0.029593 0.982709 2.609338 0.000000 0.000000 0.000000 1.000000
0.978355 -0.001428 0.206929 0.129629 -0.004677 0.999568 0.029012 100.024261 -0.206881 -0.029351 0.977926 2.605850 0.000000 0.000000 0.000000 1.000000
0.973998 -0.012422 0.226216 0.121543 0.005649 0.999517 0.030564 100.095047 -0.226486 -0.028491 0.973598 2.600868 0.000000 0.000000 0.000000 1.000000
0.971303 -0.021434 0.236876 0.068214 0.014618 0.999428 0.030494 99.860054 -0.237394 -0.026157 0.971061 2.640444 0.000000 0.000000 0.000000 1.000000
0.970794 -0.026326 0.238465 -0.061191 0.020343 0.999414 0.027519 99.298401 -0.239050 -0.021865 0.970761 2.714479 0.000000 0.000000 0.000000 1.000000
0.972587 -0.027091 0.230956 -0.232620 0.022539 0.999497 0.022327 98.528740 -0.231444 -0.016510 0.972708 2.727231 0.000000 0.000000 0.000000 1.000000
0.977395 -0.024788 0.209961 -0.398192 0.021516 0.999609 0.017855 97.760986 -0.210322 -0.012934 0.977547 2.607529 0.000000 0.000000 0.000000 1.000000
0.985099 -0.019705 0.170858 -0.593628 0.016932 0.999701 0.017669 97.205032 -0.171155 -0.014513 0.985137 2.400094 0.000000 0.000000 0.000000 1.000000
0.992817 -0.013238 0.118911 -0.820385 0.010565 0.999678 0.023085 97.000664 -0.119178 -0.021663 0.992637 2.278843 0.000000 0.000000 0.000000 1.000000
0.997522 -0.008662 0.069823 -1.007314 0.006471 0.999481 0.031542 97.172882 -0.070060 -0.031012 0.997061 2.342711 0.000000 0.000000 0.000000 1.000000
0.999329 -0.006314 0.036082 -1.132787 0.004926 0.999249 0.038432 97.667999 -0.036297 -0.038229 0.998610 2.448200 0.000000 0.000000 0.000000 1.000000
0.999869 -0.003589 0.015799 -1.218154 0.002940 0.999159 0.040896 98.342003 -0.015932 -0.040844 0.999039 2.486836 0.000000 0.000000 0.000000 1.000000
0.999997 0.001810 -0.001765 -1.265344 -0.001739 0.999215 0.039575 98.998779 0.001835 -0.039572 0.999215 2.488520 0.000000 0.000000 0.000000 1.000000
0.999673 0.009726 -0.023643 -1.254441 -0.008839 0.999264 0.037336 99.467278 0.023989 -0.037115 0.999023 2.452348 0.000000 0.000000 0.000000 1.000000
0.998647 0.019246 -0.048306 -1.187226 -0.017490 0.999180 0.036526 99.674644 0.048969 -0.035632 0.998165 2.404859 0.000000 0.000000 0.000000 1.000000
0.997084 0.029470 -0.070391 -1.086819 -0.026919 0.998955 0.036931 99.600739 0.071406 -0.034929 0.996836 2.385700 0.000000 0.000000 0.000000 1.000000
0.995471 0.038510 -0.086914 -0.973641 -0.035469 0.998712 0.036268 99.217087 0.088199 -0.033021 0.995555 2.394015 0.000000 0.000000 0.000000 1.000000
0.994073 0.044877 -0.099025 -0.833259 -0.041792 0.998581 0.033010 98.574661 0.100366 -0.028676 0.994537 2.408047 0.000000 0.000000 0.000000 1.000000
0.992709 0.049620 -0.109850 -0.636422 -0.046725 0.998493 0.028774 97.885078 0.111112 -0.023432 0.993532 2.369250 0.000000 0.000000 0.000000 1.000000
0.991183 0.052279 -0.121750 -0.438303 -0.049312 0.998411 0.027263 97.349174 0.122982 -0.021019 0.992186 2.267639 0.000000 0.000000 0.000000 1.000000
0.989482 0.052944 -0.134620 -0.229967 -0.049308 0.998327 0.030199 97.088669 0.135994 -0.023243 0.990437 2.163803 0.000000 0.000000 0.000000 1.000000
0.987568 0.054575 -0.147414 0.034533 -0.049871 0.998127 0.035424 97.152390 0.149071 -0.027632 0.988440 2.093298 0.000000 0.000000 0.000000 1.000000
0.985279 0.059936 -0.160101 0.308254 -0.054274 0.997744 0.039511 97.511436 0.162108 -0.030240 0.986310 1.980049 0.000000 0.000000 0.000000 1.000000
0.982757 0.067072 -0.172307 0.567729 -0.060972 0.997319 0.040457 98.034851 0.174558 -0.029253 0.984212 1.817569 0.000000 0.000000 0.000000 1.000000
0.980846 0.071135 -0.181329 0.811726 -0.065313 0.997145 0.037887 98.527512 0.183507 -0.025318 0.982692 1.611256 0.000000 0.000000 0.000000 1.000000
0.980452 0.070965 -0.183517 1.029574 -0.065999 0.997273 0.033034 98.854988 0.185361 -0.020277 0.982461 1.380235 0.000000 0.000000 0.000000 1.000000
0.981641 0.069519 -0.177617 1.214714 -0.065538 0.997452 0.028190 98.979668 0.179124 -0.016032 0.983696 1.162612 0.000000 0.000000 0.000000 1.000000
0.983729 0.069275 -0.165768 1.378915 -0.066145 0.997513 0.024335 98.895279 0.167041 -0.012974 0.985865 0.970706 0.000000 0.000000 0.000000 1.000000
0.986092 0.069532 -0.150959 1.537485 -0.067257 0.997533 0.020131 98.595207 0.151987 -0.009698 0.988335 0.776542 0.000000 0.000000 0.000000 1.000000
0.988621 0.067079 -0.134646 1.681119 -0.065763 0.997734 0.014203 98.117554 0.135294 -0.005187 0.990792 0.556578 0.000000 0.000000 0.000000 1.000000
0.991297 0.059151 -0.117605 1.790677 -0.058696 0.998249 0.007332 97.550179 0.117833 -0.000365 0.993033 0.275103 0.000000 0.000000 0.000000 1.000000
0.993624 0.048548 -0.101753 1.878487 -0.048623 0.998816 0.001742 97.011131 0.101717 0.003217 0.994808 -0.073726 0.000000 0.000000 0.000000 1.000000
0.995082 0.042152 -0.089634 1.918753 -0.042375 0.999102 -0.000584 96.619827 0.089529 0.004380 0.995975 -0.324305 0.000000 0.000000 0.000000 1.000000
0.995746 0.042400 -0.081809 1.853117 -0.042421 0.999099 0.001484 96.446404 0.081798 0.001993 0.996647 -0.292409 0.000000 0.000000 0.000000 1.000000
0.996167 0.045013 -0.075006 1.689296 -0.044610 0.998980 0.007050 96.479736 0.075247 -0.003677 0.997158 -0.080905 0.000000 0.000000 0.000000 1.000000
0.996917 0.044991 -0.064281 1.490256 -0.044272 0.998940 0.012575 96.627983 0.064779 -0.009690 0.997853 0.090310 0.000000 0.000000 0.000000 1.000000
0.997956 0.042115 -0.048059 1.294354 -0.041433 0.999027 0.015110 96.816978 0.048648 -0.013088 0.998730 0.193327 0.000000 0.000000 0.000000 1.000000
0.998825 0.037999 -0.030075 1.097261 -0.037554 0.999178 0.015257 97.025002 0.030630 -0.014109 0.999431 0.277473 0.000000 0.000000 0.000000 1.000000
0.999340 0.032899 -0.015377 0.908064 -0.032667 0.999352 0.015111 97.242203 0.015864 -0.014598 0.999768 0.379220 0.000000 0.000000 0.000000 1.000000
0.999626 0.026706 -0.005895 0.732197 -0.026615 0.999533 0.015032 97.437660 0.006294 -0.014870 0.999870 0.502400 0.000000 0.000000 0.000000 1.000000
0.999800 0.020002 -0.000419 0.564235 -0.019994 0.999699 0.014236 97.574692 0.000703 -0.014225 0.999899 0.621471 0.000000 0.000000 0.000000 1.000000
0.999906 0.013284 0.003292 0.408207 -0.013326 0.999828 0.012932 97.641464 -0.003120 -0.012975 0.999911 0.730787 0.000000 0.000000 0.000000 1.000000
0.999950 0.006950 0.007157 0.267146 -0.007034 0.999905 0.011855 97.638725 -0.007074 -0.011904 0.999904 0.826260 0.000000 0.000000 0.000000 1.000000
0.999929 0.002561 0.011625 0.143774 -0.002686 0.999939 0.010688 97.549950 -0.011597 -0.010718 0.999875 0.855271 0.000000 0.000000 0.000000 1.000000
0.999882 0.002217 0.015188 0.028326 -0.002347 0.999961 0.008496 97.360123 -0.015168 -0.008530 0.999849 0.776058 0.000000 0.000000 0.000000 1.000000
0.999848 0.005273 0.016626 -0.096312 -0.005367 0.999970 0.005631 97.102066 -0.016596 -0.005720 0.999846 0.620914 0.000000 0.000000 0.000000 1.000000
0.999805 0.007445 0.018275 -0.204732 -0.007538 0.999959 0.004983 96.897285 -0.018238 -0.005120 0.999821 0.416293 0.000000 0.000000 0.000000 1.000000
0.999662 0.006458 0.025175 -0.295410 -0.006716 0.999926 0.010161 96.916672 -0.025107 -0.010326 0.999631 0.373553 0.000000 0.000000 0.000000 1.000000
0.999251 0.002702 0.038594 -0.381047 -0.003486 0.999788 0.020275 97.167938 -0.038531 -0.020394 0.999049 0.532001 0.000000 0.000000 0.000000 1.000000
0.998613 -0.001909 0.052613 -0.431373 0.000408 0.999593 0.028532 97.475876 -0.052646 -0.028471 0.998207 0.687382 0.000000 0.000000 0.000000 1.000000
0.998211 -0.005561 0.059527 -0.443347 0.003817 0.999561 0.029379 97.651451 -0.059665 -0.029099 0.997794 0.763317 0.000000 0.000000 0.000000 1.000000
0.998311 -0.006952 0.057678 -0.445791 0.005579 0.999698 0.023930 97.652466 -0.057827 -0.023567 0.998048 0.821120 0.000000 0.000000 0.000000 1.000000
0.998629 -0.005990 0.052011 -0.470105 0.005141 0.999852 0.016447 97.562408 -0.052102 -0.016157 0.998511 0.849262 0.000000 0.000000 0.000000 1.000000
0.998859 -0.004284 0.047566 -0.521962 0.003827 0.999946 0.009703 97.464180 -0.047605 -0.009510 0.998821 0.824547 0.000000 0.000000 0.000000 1.000000
0.999010 -0.003056 0.044384 -0.568695 0.002837 0.999983 0.005000 97.400604 -0.044399 -0.004869 0.999002 0.789837 0.000000 0.000000 0.000000 1.000000
0.999236 -0.002123 0.039022 -0.602460 0.002009 0.999994 0.002974 97.378334 -0.039028 -0.002893 0.999234 0.800794 0.000000 0.000000 0.000000 1.000000
0.999565 -0.000562 0.029485 -0.618147 0.000480 0.999996 0.002805 97.385124 -0.029487 -0.002790 0.999561 0.861156 0.000000 0.000000 0.000000 1.000000
0.999847 0.001976 0.017357 -0.623971 -0.002023 0.999994 0.002712 97.400528 -0.017352 -0.002747 0.999846 0.924636 0.000000 0.000000 0.000000 1.000000
0.999971 0.004976 0.005790 -0.613964 -0.004988 0.999985 0.002178 97.408257 -0.005779 -0.002207 0.999981 0.952186 0.000000 0.000000 0.000000 1.000000
0.999964 0.007789 -0.003248 -0.574628 -0.007781 0.999967 0.002379 97.406113 0.003267 -0.002353 0.999992 0.972146 0.000000 0.000000 0.000000 1.000000
0.999901 0.010220 -0.009643 -0.509597 -0.010181 0.999940 0.004050 97.403259 0.009684 -0.003951 0.999945 0.992176 0.000000 0.000000 0.000000 1.000000
0.999824 0.012350 -0.014137 -0.430362 -0.012259 0.999904 0.006503 97.407135 0.014216 -0.006328 0.999879 0.997599 0.000000 0.000000 0.000000 1.000000
0.999750 0.014314 -0.017198 -0.330918 -0.014164 0.999860 0.008853 97.418030 0.017322 -0.008608 0.999813 1.003315 0.000000 0.000000 0.000000 1.000000
0.999691 0.016320 -0.018735 -0.221011 -0.016118 0.999811 0.010838 97.435402 0.018909 -0.010533 0.999766 1.022668 0.000000 0.000000 0.000000 1.000000
0.999657 0.018264 -0.018749 -0.134119 -0.018032 0.999759 0.012514 97.456787 0.018973 -0.012171 0.999746 1.002254 0.000000 0.000000 0.000000 1.000000
0.999648 0.019642 -0.017815 -0.046019 -0.019395 0.999714 0.013958 97.474068 0.018084 -0.013607 0.999744 0.974732 0.000000 0.000000 0.000000 1.000000
0.999654 0.020384 -0.016642 0.034726 -0.020131 0.999681 0.015221 97.482018 0.016947 -0.014880 0.999746 0.943436 0.000000 0.000000 0.000000 1.000000
0.999656 0.021119 -0.015570 0.084932 -0.020864 0.999648 0.016390 97.484695 0.015911 -0.016060 0.999744 0.899725 0.000000 0.000000 0.000000 1.000000</float_array>
        <technique_common>
          <accessor source="#mixamorig_Hips-Matrix-animation-output-transform-array" count="89" stride="16">
            <param type="float4x4"/>
          </accessor>
        </technique_common>
      </source>
      <source id="mixamorig_Hips-Interpolations">
        <Name_array id="mixamorig_Hips-Interpolations-array" count="89">
 LINEAR LINEAR LINEAR LINEAR LINEAR LINEAR LINEAR LINEAR LINEAR LINEAR LINEAR
LINEAR LINEAR LINEAR LINEAR LINEAR LINEAR LINEAR LINEAR LINEAR LINEAR LINEAR LINEAR
LINEAR LINEAR LINEAR LINEAR LINEAR LINEAR LINEAR LINEAR LINEAR LINEAR LINEAR LINEAR
LINEAR LINEAR LINEAR LINEAR LINEAR LINEAR LINEAR LINEAR LINEAR LINEAR LINEAR LINEAR
LINEAR LINEAR LINEAR LINEAR LINEAR LINEAR LINEAR LINEAR LINEAR LINEAR LINEAR LINEAR
LINEAR LINEAR LINEAR LINEAR LINEAR LINEAR LINEAR LINEAR LINEAR LINEAR LINEAR LINEAR
LINEAR LINEAR LINEAR LINEAR LINEAR LINEAR LINEAR LINEAR LINEAR LINEAR LINEAR LINEAR
LINEAR LINEAR LINEAR LINEAR LINEAR LINEAR</Name_array>
        <technique_common>
          <accessor source="#mixamorig_Hips-Interpolations-array" count="89">
            <param type="name"/>
          </accessor>
        </technique_common>
      </source>
      <sampler id="mixamorig_Hips-Matrix-animation-transform">
        <input semantic="INPUT" source="#mixamorig_Hips-Matrix-animation-input"/>
        <input semantic="OUTPUT" source="#mixamorig_Hips-Matrix-animation-output-transform"/>
        <input semantic="INTERPOLATION" source="#mixamorig_Hips-Interpolations"/>
      </sampler>
      <channel source="#mixamorig_Hips-Matrix-animation-transform" target="mixamorig_Hips/matrix"/>
    </animation>
    <animation id="mixamorig_Spine-anim" name="mixamorig_Spine">
      <source id="mixamorig_Spine-Matrix-animation-input">
        <float_array id="mixamorig_Spine-Matrix-animation-input-array" count="89">

0.000000 0.033333 0.066667 0.100000 0.133333 0.166667 0.200000 0.233333 0.266667 0.300000 0.333333 0.366667 0.400000 0.433333 0.466667 0.500000
0.533333 0.566667 0.600000 0.633333 0.666667 0.700000 0.733333 0.766667 0.800000 0.833333 0.866667 0.900000 0.933333 0.966667 1.000000 1.033333
1.066667 1.100000 1.133333 1.166667 1.200000 1.233333 1.266667 1.300000 1.333333 1.366667 1.400000 1.433333 1.466667 1.500000 1.533333 1.566667
1.600000 1.633333 1.666667 1.700000 1.733333 1.766667 1.800000 1.833333 1.866667 1.900000 1.933333 1.966667 2.000000 2.033333 2.066667 2.100000
2.133333 2.166667 2.200000 2.233333 2.266667 2.300000 2.333333 2.366667 2.400000 2.433333 2.466667 2.500000 2.533333 2.566667 2.600000 2.633333
2.666667 2.700000 2.733333 2.766667 2.800000 2.833333 2.866667 2.900000 2.933333</float_array>
        <technique_common>
          <accessor source="#mixamorig_Spine-Matrix-animation-input-array" count="89">
            <param name="TIME" type="float"/>
          </accessor>
        </technique_common>
      </source>
      <source id="mixamorig_Spine-Matrix-animation-output-transform">
        <float_array id="mixamorig_Spine-Matrix-animation-output-transform-array" count="1424">

0.999481 0.032203 -0.000209 0.000000 -0.032034 0.994854 0.096120 10.246800 0.003304 -0.096064 0.995370 -1.182900 0.000000 0.000000 0.000000 1.000000
0.999539 0.030200 -0.003185 0.000000 -0.029739 0.994690 0.098524 10.246800 0.006144 -0.098384 0.995130 -1.182900 0.000000 0.000000 0.000000 1.000000
0.999551 0.029262 -0.006514 -0.000000 -0.028481 0.994754 0.098246 10.246800 0.009355 -0.098017 0.995141 -1.182900 0.000000 0.000000 0.000000 1.000000
0.999497 0.029406 -0.011860 0.000000 -0.028155 0.995120 0.094574 10.246800 0.014583 -0.094192 0.995447 -1.182900 0.000000 0.000000 0.000000 1.000000
0.999354 0.029836 -0.020026 -0.000000 -0.027962 0.995718 0.088108 10.246800 0.022569 -0.087491 0.995910 -1.182900 0.000000 0.000000 0.000000 1.000000
0.999137 0.029736 -0.029005 0.000000 -0.027308 0.996357 0.080789 10.246800 0.031302 -0.079927 0.996309 -1.182900 0.000000 0.000000 0.000000 1.000000
0.998955 0.029795 -0.034651 0.000000 -0.027148 0.996852 0.074499 10.246800 0.036762 -0.073480 0.996619 -1.182900 0.000000 0.000000 0.000000 1.000000
0.998916 0.031320 -0.034424 0.000000 -0.028850 0.997128 0.070027 10.246800 0.036518 -0.068958 0.996951 -1.182900 0.000000 0.000000 0.000000 1.000000
0.998962 0.034360 -0.029911 0.000000 -0.032294 0.997228 0.067033 10.246800 0.032131 -0.065998 0.997302 -1.182900 0.000000 0.000000 0.000000 1.000000
0.998979 0.037649 -0.024978 0.000000 -0.035963 0.997247 0.064844 10.246800 0.027350 -0.063879 0.997583 -1.182900 0.000000 0.000000 0.000000 1.000000
0.998995 0.038975 -0.022144 0.000000 -0.037502 0.997281 0.063437 10.246800 0.024557 -0.062543 0.997740 -1.182900 0.000000 0.000000 0.000000 1.000000
0.999096 0.037112 -0.020737 0.000000 -0.035718 0.997311 0.063985 10.246800 0.023056 -0.063187 0.997735 -1.182900 0.000000 0.000000 0.000000 1.000000
0.999283 0.033460 -0.017698 -0.000000 -0.032180 0.997150 0.068232 10.246800 0.019931 -0.067613 0.997513 -1.182900 0.000000 0.000000 0.000000 1.000000
0.999453 0.031653 -0.009603 0.000000 -0.030825 0.996577 0.076710 10.246800 0.011999 -0.076372 0.997007 -1.182900 0.000000 0.000000 0.000000 1.000000
0.999368 0.035188 0.004942 0.000000 -0.035485 0.995558 0.087208 10.246800 -0.001851 -0.087328 0.996178 -1.182900 0.000000 0.000000 0.000000 1.000000
0.998771 0.043763 0.023272 0.000000 -0.045792 0.994393 0.095320 10.246800 -0.018971 -0.096269 0.995175 -1.182900 0.000000 0.000000 0.000000 1.000000
0.997853 0.052122 0.039668 0.000000 -0.055770 0.993698 0.097236 10.246800 -0.034350 -0.099240 0.994470 -1.182900 0.000000 0.000000 0.000000 1.000000
0.997222 0.054830 0.050419 0.000000 -0.059307 0.993984 0.092074 10.246800 -0.045067 -0.094809 0.994475 -1.182900 0.000000 0.000000 0.000000 1.000000
0.996986 0.052075 0.057500 0.000000 -0.056687 0.995041 0.081727 10.246800 -0.052959 -0.084741 0.994995 -1.182900 0.000000 0.000000 0.000000 1.000000
0.996772 0.047245 0.064914 0.000000 -0.051754 0.996230 0.069629 10.246800 -0.061380 -0.072764 0.995459 -1.182900 0.000000 0.000000 0.000000 1.000000
0.996471 0.041961 0.072703 0.000000 -0.046311 0.997170 0.059224 10.246800 -0.070013 -0.062382 0.995594 -1.182900 0.000000 0.000000 0.000000 1.000000
0.996285 0.037336 0.077597 0.000000 -0.041474 0.997764 0.052414 10.246800 -0.075466 -0.055438 0.995606 -1.182900 0.000000 0.000000 0.000000 1.000000
0.996364 0.034297 0.077987 -0.000000 -0.038225 0.998045 0.049449 10.246800 -0.076138 -0.052250 0.995727 -1.182900 0.000000 0.000000 0.000000 1.000000
0.996542 0.033558 0.076007 0.000000 -0.037412 0.998055 0.049871 10.246800 -0.074186 -0.052542 0.995859 -1.182900 0.000000 0.000000 0.000000 1.000000
0.996622 0.034999 0.074293 -0.000000 -0.039000 0.997826 0.053118 10.246800 -0.072273 -0.055836 0.995821 -1.182900 0.000000 0.000000 0.000000 1.000000
0.996650 0.037089 0.072891 -0.000000 -0.041372 0.997450 0.058155 10.246800 -0.070548 -0.060976 0.995643 -1.182900 0.000000 0.000000 0.000000 1.000000
0.996833 0.037170 0.070305 0.000000 -0.041620 0.997150 0.062930 10.246800 -0.067765 -0.065657 0.995539 -1.182900 0.000000 0.000000 0.000000 1.000000
0.997211 0.034051 0.066416 -0.000000 -0.038366 0.997159 0.064820 10.246800 -0.064020 -0.067187 0.995684 -1.182900 0.000000 0.000000 0.000000 1.000000
0.997633 0.028404 0.062616 -0.000000 -0.032322 0.997523 0.062481 10.246800 -0.060686 -0.064357 0.996080 -1.182900 0.000000 0.000000 0.000000 1.000000
0.997950 0.022847 0.059776 -0.000000 -0.026269 0.998023 0.057105 10.246800 -0.058353 -0.058558 0.996577 -1.182900 0.000000 0.000000 0.000000 1.000000
0.998151 0.021543 0.056829 0.000000 -0.024478 0.998375 0.051467 10.246800 -0.055628 -0.052763 0.997056 -1.182900 0.000000 0.000000 0.000000 1.000000
0.998357 0.025976 0.051082 0.000000 -0.028436 0.998440 0.048044 10.246800 -0.049755 -0.049418 0.997538 -1.182900 0.000000 0.000000 0.000000 1.000000
0.998583 0.033763 0.041126 -0.000000 -0.035718 0.998219 0.047780 10.246800 -0.039440 -0.049181 0.998011 -1.182900 0.000000 0.000000 0.000000 1.000000
0.998758 0.040523 0.028994 0.000000 -0.041937 0.997871 0.049953 10.246800 -0.026909 -0.051107 0.998331 -1.182900 0.000000 0.000000 0.000000 1.000000
0.998868 0.043733 0.018692 0.000000 -0.044668 0.997597 0.052958 10.246800 -0.016331 -0.053733 0.998422 -1.182900 0.000000 0.000000 0.000000 1.000000
0.998974 0.043591 0.012237 0.000000 -0.044211 0.997454 0.055950 10.246800 -0.009767 -0.056434 0.998359 -1.182900 0.000000 0.000000 0.000000 1.000000
0.999088 0.041888 0.008303 0.000000 -0.042310 0.997311 0.059840 10.246800 -0.005774 -0.060137 0.998173 -1.182900 0.000000 0.000000 0.000000 1.000000
0.999148 0.040982 0.004773 0.000000 -0.041209 0.996944 0.066371 10.246800 -0.002039 -0.066511 0.997784 -1.182900 0.000000 0.000000 0.000000 1.000000
0.999107 0.042231 0.001072 0.000000 -0.042190 0.996209 0.076073 10.246800 0.002145 -0.076050 0.997102 -1.182900 0.000000 0.000000 0.000000 1.000000
0.998989 0.044869 -0.002614 0.000000 -0.044471 0.995200 0.087171 10.246800 0.006513 -0.086967 0.996190 -1.182900 0.000000 0.000000 0.000000 1.000000
0.998778 0.049003 -0.006414 -0.000000 -0.048156 0.994159 0.096581 10.246800 0.011109 -0.096154 0.995304 -1.182900 0.000000 0.000000 0.000000 1.000000
0.998538 0.052910 -0.011081 -0.000000 -0.051509 0.993457 0.101928 10.246800 0.016401 -0.101208 0.994730 -1.182900 0.000000 0.000000 0.000000 1.000000
0.998428 0.053511 -0.016648 0.000000 -0.051530 0.993389 0.102585 10.246800 0.022027 -0.101566 0.994585 -1.182900 0.000000 0.000000 0.000000 1.000000
0.998503 0.050101 -0.021963 0.000000 -0.047683 0.993901 0.099438 10.246800 0.026812 -0.098242 0.994801 -1.182900 0.000000 0.000000 0.000000 1.000000
0.998616 0.045635 -0.026158 0.000000 -0.042983 0.994620 0.094255 10.246800 0.030318 -0.093000 0.995204 -1.182900 0.000000 0.000000 0.000000 1.000000
0.998582 0.044313 -0.029510 0.000000 -0.041533 0.995170 0.088944 10.246800 0.033309 -0.087592 0.995599 -1.182900 0.000000 0.000000 0.000000 1.000000
0.998360 0.046984 -0.032719 -0.000000 -0.044068 0.995426 0.084770 10.246800 0.036552 -0.083189 0.995863 -1.182900 0.000000 0.000000 0.000000 1.000000
0.998073 0.050727 -0.035726 0.000000 -0.047655 0.995479 0.082161 10.246800 0.039732 -0.080300 0.995979 -1.182900 0.000000 0.000000 0.000000 1.000000
0.997892 0.052806 -0.037719 0.000000 -0.049610 0.995466 0.081159 10.246800 0.041833 -0.079117 0.995987 -1.182900 0.000000 0.000000 0.000000 1.000000
0.997832 0.053975 -0.037646 0.000000 -0.050763 0.995372 0.081592 10.246800 0.041876 -0.079504 0.995955 -1.182900 0.000000 0.000000 0.000000 1.000000
0.997778 0.057302 -0.033991 0.000000 -0.054329 0.995089 0.082740 10.246800 0.038565 -0.080710 0.995991 -1.182900 0.000000 0.000000 0.000000 1.000000
0.997645 0.063987 -0.024690 0.000000 -0.061721 0.994582 0.083648 10.246800 0.029908 -0.081927 0.996189 -1.182900 0.000000 0.000000 0.000000 1.000000
0.997482 0.070332 -0.009075 -0.000000 -0.069324 0.994038 0.084155 10.246800 0.014939 -0.083314 0.996411 -1.182900 0.000000 0.000000 0.000000 1.000000
0.997386 0.071594 0.009802 -0.000000 -0.072169 0.993768 0.084954 10.246800 -0.003658 -0.085439 0.996337 -1.182900 0.000000 0.000000 0.000000 1.000000
0.997387 0.067493 0.025768 0.000000 -0.069474 0.993886 0.085817 10.246800 -0.019818 -0.087383 0.995978 -1.182900 0.000000 0.000000 0.000000 1.000000
0.997542 0.061498 0.033592 0.000000 -0.064153 0.994339 0.084702 10.246800 -0.028193 -0.086649 0.995840 -1.182900 0.000000 0.000000 0.000000 1.000000
0.997813 0.057282 0.032989 -0.000000 -0.059767 0.994998 0.080039 10.246800 -0.028239 -0.081836 0.996246 -1.182900 0.000000 0.000000 0.000000 1.000000
0.998083 0.055186 0.027999 0.000000 -0.057107 0.995683 0.073175 10.246800 -0.023840 -0.074634 0.996926 -1.182900 0.000000 0.000000 0.000000 1.000000
0.998295 0.053592 0.023118 0.000000 -0.055038 0.996216 0.067270 10.246800 -0.019426 -0.068428 0.997467 -1.182900 0.000000 0.000000 0.000000 1.000000
0.998452 0.051686 0.020551 -0.000000 -0.052913 0.996514 0.064499 10.246800 -0.017146 -0.065486 0.997706 -1.182900 0.000000 0.000000 0.000000 1.000000
0.998543 0.049943 0.020436 0.000000 -0.051175 0.996570 0.065029 10.246800 -0.017118 -0.065980 0.997674 -1.182900 0.000000 0.000000 0.000000 1.000000
0.998558 0.048892 0.022187 0.000000 -0.050295 0.996426 0.067868 10.246800 -0.018789 -0.068886 0.997448 -1.182900 0.000000 0.000000 0.000000 1.000000
0.998518 0.048258 0.025144 -0.000000 -0.049952 0.996169 0.071777 10.246800 -0.021584 -0.072927 0.997104 -1.182900 0.000000 0.000000 0.000000 1.000000
0.998486 0.046943 0.028675 -0.000000 -0.048994 0.995935 0.075591 10.246800 -0.025010 -0.076881 0.996727 -1.182900 0.000000 0.000000 0.000000 1.000000
0.998540 0.043420 0.032145 0.000000 -0.045828 0.995867 0.078410 10.246800 -0.028607 -0.079768 0.996403 -1.182900 0.000000 0.000000 0.000000 1.000000
0.998717 0.037006 0.034573 -0.000000 -0.039670 0.996016 0.079859 10.246800 -0.031480 -0.081128 0.996206 -1.182900 0.000000 0.000000 0.000000 1.000000
0.998974 0.029372 0.034466 0.000000 -0.032052 0.996283 0.079957 10.246800 -0.031989 -0.080980 0.996202 -1.182900 0.000000 0.000000 0.000000 1.000000
0.999235 0.024114 0.030795 0.000000 -0.026473 0.996551 0.078646 10.246800 -0.028793 -0.079401 0.996427 -1.182900 0.000000 0.000000 0.000000 1.000000
0.999455 0.022514 0.024161 0.000000 -0.024289 0.996824 0.075844 10.246800 -0.022377 -0.076389 0.996827 -1.182900 0.000000 0.000000 0.000000 1.000000
0.999564 0.023953 0.017270 0.000000 -0.025137 0.997088 0.072003 10.246800 -0.015495 -0.072405 0.997255 -1.182900 0.000000 0.000000 0.000000 1.000000
0.999572 0.026234 0.012961 0.000000 -0.027061 0.997288 0.068437 10.246800 -0.011130 -0.068758 0.997571 -1.182900 0.000000 0.000000 0.000000 1.000000
0.999554 0.027275 0.012182 0.000000 -0.028027 0.997385 0.066615 10.246800 -0.010333 -0.066927 0.997704 -1.182900 0.000000 0.000000 0.000000 1.000000
0.999561 0.026328 0.013615 0.000000 -0.027185 0.997371 0.067168 10.246800 -0.011811 -0.067509 0.997649 -1.182900 0.000000 0.000000 0.000000 1.000000
0.999597 0.024195 0.014843 0.000000 -0.025173 0.997252 0.069681 10.246800 -0.013117 -0.070026 0.997459 -1.182900 0.000000 0.000000 0.000000 1.000000
0.999644 0.022720 0.013994 -0.000000 -0.023686 0.997035 0.073217 10.246800 -0.012289 -0.073522 0.997218 -1.182900 0.000000 0.000000 0.000000 1.000000
0.999683 0.022763 0.010777 0.000000 -0.023526 0.996756 0.076968 10.246800 -0.008990 -0.077197 0.996975 -1.182900 0.000000 0.000000 0.000000 1.000000
0.999695 0.023775 0.006609 -0.000000 -0.024231 0.996447 0.080657 10.246800 -0.004668 -0.080793 0.996720 -1.182900 0.000000 0.000000 0.000000 1.000000
0.999690 0.024676 0.003391 0.000000 -0.024874 0.996111 0.084520 10.246800 -0.001293 -0.084579 0.996416 -1.182900 0.000000 0.000000 0.000000 1.000000
0.999684 0.025054 0.001932 0.000000 -0.025126 0.995743 0.088685 10.246800 0.000298 -0.088705 0.996058 -1.182900 0.000000 0.000000 0.000000 1.000000
0.999679 0.025290 0.001531 0.000000 -0.025323 0.995385 0.092565 10.246800 0.000817 -0.092574 0.995705 -1.182900 0.000000 0.000000 0.000000 1.000000
0.999665 0.025880 0.001044 0.000000 -0.025862 0.995123 0.095189 10.246800 0.001425 -0.095184 0.995459 -1.182900 0.000000 0.000000 0.000000 1.000000
0.999638 0.026902 0.000092 -0.000000 -0.026786 0.995001 0.096207 10.246800 0.002496 -0.096175 0.995361 -1.182900 0.000000 0.000000 0.000000 1.000000
0.999606 0.028064 -0.000859 0.000000 -0.027851 0.994969 0.096233 10.246800 0.003555 -0.096171 0.995358 -1.182900 0.000000 0.000000 0.000000 1.000000
0.999578 0.029037 -0.001302 -0.000000 -0.028777 0.994955 0.096110 10.246800 0.004086 -0.096031 0.995370 -1.182900 0.000000 0.000000 0.000000 1.000000
0.999558 0.029698 -0.001239 0.000000 -0.029441 0.994929 0.096172 10.246800 0.004089 -0.096093 0.995364 -1.182900 0.000000 0.000000 0.000000 1.000000
0.999543 0.030198 -0.000988 0.000000 -0.029962 0.994902 0.096289 10.246800 0.003890 -0.096216 0.995353 -1.182900 0.000000 0.000000 0.000000 1.000000
0.999526 0.030769 -0.000750 -0.000000 -0.030553 0.994882 0.096316 10.246800 0.003710 -0.096248 0.995351 -1.182900 0.000000 0.000000 0.000000 1.000000
0.999504 0.031486 -0.000513 0.000000 -0.031291 0.994863 0.096278 10.246800 0.003542 -0.096214 0.995354 -1.182900 0.000000 0.000000 0.000000 1.000000
0.999481 0.032202 -0.000209 0.000000 -0.032032 0.994840 0.096266 10.246800 0.003308 -0.096209 0.995356 -1.182900 0.000000 0.000000 0.000000 1.000000</float_array>
        <technique_common>
          <accessor source="#mixamorig_Spine-Matrix-animation-output-transform-array" count="89" stride="16">
            <param type="float4x4"/>
          </accessor>
        </technique_common>
      </source>
      <source id="mixamorig_Spine-Interpolations">
        <Name_array id="mixamorig_Spine-Interpolations-array" count="89">
 LINEAR LINEAR LINEAR LINEAR LINEAR LINEAR LINEAR LINEAR LINEAR LINEAR LINEAR
LINEAR LINEAR LINEAR LINEAR LINEAR LINEAR LINEAR LINEAR LINEAR LINEAR LINEAR LINEAR
LINEAR LINEAR LINEAR LINEAR LINEAR LINEAR LINEAR LINEAR LINEAR LINEAR LINEAR LINEAR
LINEAR LINEAR LINEAR LINEAR LINEAR LINEAR LINEAR LINEAR LINEAR LINEAR LINEAR LINEAR
LINEAR LINEAR LINEAR LINEAR LINEAR LINEAR LINEAR LINEAR LINEAR LINEAR LINEAR LINEAR
LINEAR LINEAR LINEAR LINEAR LINEAR LINEAR LINEAR LINEAR LINEAR LINEAR LINEAR LINEAR
LINEAR LINEAR LINEAR LINEAR LINEAR LINEAR LINEAR LINEAR LINEAR LINEAR LINEAR LINEAR
LINEAR LINEAR LINEAR LINEAR LINEAR LINEAR</Name_array>
        <technique_common>
          <accessor source="#mixamorig_Spine-Interpolations-array" count="89">
            <param type="name"/>
          </accessor>
        </technique_common>
      </source>
      <sampler id="mixamorig_Spine-Matrix-animation-transform">
        <input semantic="INPUT" source="#mixamorig_Spine-Matrix-animation-input"/>
        <input semantic="OUTPUT" source="#mixamorig_Spine-Matrix-animation-output-transform"/>
        <input semantic="INTERPOLATION" source="#mixamorig_Spine-Interpolations"/>
      </sampler>
      <channel source="#mixamorig_Spine-Matrix-animation-transform" target="mixamorig_Spine/matrix"/>
    </animation>
    <animation id="mixamorig_Spine1-anim" name="mixamorig_Spine1">
      <source id="mixamorig_Spine1-Matrix-animation-input">
        <float_array id="mixamorig_Spine1-Matrix-animation-input-array" count="89">

0.000000 0.033333 0.066667 0.100000 0.133333 0.166667 0.200000 0.233333 0.266667 0.300000 0.333333 0.366667 0.400000 0.433333 0.466667 0.500000
0.533333 0.566667 0.600000 0.633333 0.666667 0.700000 0.733333 0.766667 0.800000 0.833333 0.866667 0.900000 0.933333 0.966667 1.000000 1.033333
1.066667 1.100000 1.133333 1.166667 1.200000 1.233333 1.266667 1.300000 1.333333 1.366667 1.400000 1.433333 1.466667 1.500000 1.533333 1.566667
1.600000 1.633333 1.666667 1.700000 1.733333 1.766667 1.800000 1.833333 1.866667 1.900000 1.933333 1.966667 2.000000 2.033333 2.066667 2.100000
2.133333 2.166667 2.200000 2.233333 2.266667 2.300000 2.333333 2.366667 2.400000 2.433333 2.466667 2.500000 2.533333 2.566667 2.600000 2.633333
2.666667 2.700000 2.733333 2.766667 2.800000 2.833333 2.866667 2.900000 2.933333</float_array>
        <technique_common>
          <accessor source="#mixamorig_Spine1-Matrix-animation-input-array" count="89">
            <param name="TIME" type="float"/>
          </accessor>
        </technique_common>
      </source>
      <source id="mixamorig_Spine1-Matrix-animation-output-transform">
        <float_array id="mixamorig_Spine1-Matrix-animation-output-transform-array" count="1424">

0.999998 0.001580 0.001479 0.000000 -0.001675 0.997751 0.067008 12.034000 -0.001369 -0.067011 0.997751 -0.000000 0.000000 0.000000 0.000000 1.000000
1.000000 0.000567 0.000538 -0.000000 -0.000601 0.997872 0.065206 12.034000 -0.000500 -0.065207 0.997872 -0.000000 0.000000 0.000000 0.000000 1.000000
1.000000 -0.000219 -0.000491 0.000000 0.000249 0.997999 0.063223 12.034000 0.000476 -0.063223 0.997999 0.000000 0.000000 0.000000 0.000000 1.000000
0.999998 -0.000842 -0.002068 -0.000000 0.000968 0.998121 0.061268 12.034000 0.002013 -0.061270 0.998119 0.000000 0.000000 0.000000 0.000000 1.000000
0.999989 -0.001380 -0.004403 0.000000 0.001640 0.998220 0.059615 12.034000 0.004313 -0.059621 0.998212 0.000000 0.000000 0.000000 0.000000 1.000000
0.999975 -0.001735 -0.006920 -0.000000 0.002137 0.998283 0.058529 12.034000 0.006806 -0.058542 0.998262 0.000000 0.000000 0.000000 0.000000 1.000000
0.999963 -0.001595 -0.008459 -0.000000 0.002085 0.998302 0.058208 12.034000 0.008352 -0.058223 0.998269 -0.000000 0.000000 0.000000 0.000000 1.000000
0.999965 -0.000709 -0.008301 0.000000 0.001194 0.998277 0.058667 12.034000 0.008245 -0.058675 0.998243 0.000000 0.000000 0.000000 0.000000 1.000000
0.999976 0.000791 -0.006873 -0.000000 -0.000380 0.998224 0.059565 12.034000 0.006908 -0.059561 0.998201 0.000000 0.000000 0.000000 0.000000 1.000000
0.999983 0.002367 -0.005310 0.000000 -0.002042 0.998180 0.060276 12.034000 0.005443 -0.060264 0.998168 -0.000000 0.000000 0.000000 0.000000 1.000000
0.999985 0.003350 -0.004404 0.000000 -0.003077 0.998169 0.060405 12.034000 0.004598 -0.060391 0.998164 -0.000000 0.000000 0.000000 0.000000 1.000000
0.999986 0.003352 -0.004030 0.000000 -0.003103 0.998176 0.060284 12.034000 0.004225 -0.060271 0.998173 0.000000 0.000000 0.000000 0.000000 1.000000
0.999991 0.002672 -0.003309 -0.000000 -0.002466 0.998150 0.060749 12.034000 0.003465 -0.060740 0.998148 0.000000 0.000000 0.000000 0.000000 1.000000
0.999997 0.002292 -0.001155 -0.000000 -0.002215 0.998061 0.062202 12.034000 0.001295 -0.062199 0.998063 0.000000 0.000000 0.000000 0.000000 1.000000
0.999991 0.003097 0.002940 0.000000 -0.003279 0.997948 0.063953 12.034000 -0.002736 -0.063962 0.997949 0.000000 0.000000 0.000000 0.000000 1.000000
0.999954 0.004870 0.008210 0.000000 -0.005391 0.997888 0.064731 12.034000 -0.007877 -0.064772 0.997869 0.000000 0.000000 0.000000 0.000000 1.000000
0.999896 0.006364 0.012954 0.000000 -0.007180 0.997927 0.063951 12.034000 -0.012520 -0.064038 0.997869 0.000000 0.000000 0.000000 0.000000 1.000000
0.999849 0.006601 0.016076 -0.000000 -0.007591 0.998029 0.062299 12.034000 -0.015633 -0.062411 0.997928 0.000000 0.000000 0.000000 0.000000 1.000000
0.999820 0.005772 0.018090 0.000000 -0.006864 0.998118 0.060942 12.034000 -0.017705 -0.061055 0.997977 0.000000 0.000000 0.000000 0.000000 1.000000
0.999787 0.004652 0.020119 0.000000 -0.005859 0.998159 0.060371 12.034000 -0.019802 -0.060476 0.997973 -0.000000 0.000000 0.000000 0.000000 1.000000
0.999746 0.003649 0.022230 0.000000 -0.004982 0.998176 0.060169 12.034000 -0.021969 -0.060265 0.997941 0.000000 0.000000 0.000000 0.000000 1.000000
0.999720 0.002765 0.023499 0.000000 -0.004166 0.998201 0.059807 12.034000 -0.023291 -0.059888 0.997933 -0.000000 0.000000 0.000000 0.000000 1.000000
0.999722 0.002056 0.023509 -0.000000 -0.003449 0.998231 0.059359 12.034000 -0.023345 -0.059424 0.997960 -0.000000 0.000000 0.000000 0.000000 1.000000
0.999736 0.001670 0.022904 0.000000 -0.003028 0.998232 0.059357 12.034000 -0.022764 -0.059411 0.997974 0.000000 0.000000 0.000000 0.000000 1.000000
0.999748 0.001547 0.022409 0.000000 -0.002892 0.998188 0.060110 12.034000 -0.022275 -0.060160 0.997940 -0.000000 0.000000 0.000000 0.000000 1.000000
0.999757 0.001315 0.021990 0.000000 -0.002660 0.998120 0.061239 12.034000 -0.021869 -0.061283 0.997881 0.000000 0.000000 0.000000 0.000000 1.000000
0.999775 0.000398 0.021201 0.000000 -0.001707 0.998089 0.061777 12.034000 -0.021136 -0.061799 0.997865 0.000000 0.000000 0.000000 0.000000 1.000000
0.999800 -0.001722 0.019918 0.000000 0.000507 0.998147 0.060847 12.034000 -0.019985 -0.060824 0.997948 -0.000000 0.000000 0.000000 0.000000 1.000000
0.999817 -0.004954 0.018501 0.000000 0.003863 0.998275 0.058582 12.034000 -0.018760 -0.058500 0.998111 0.000000 0.000000 0.000000 0.000000 1.000000
0.999816 -0.008196 0.017347 -0.000000 0.007206 0.998383 0.056393 12.034000 -0.017781 -0.056257 0.998258 0.000000 0.000000 0.000000 0.000000 1.000000
0.999818 -0.009813 0.016342 0.000000 0.008884 0.998395 0.055934 12.034000 -0.016864 -0.055779 0.998301 -0.000000 0.000000 0.000000 0.000000 1.000000
0.999850 -0.008878 0.014851 0.000000 0.008009 0.998307 0.057609 12.034000 -0.015338 -0.057482 0.998229 -0.000000 0.000000 0.000000 0.000000 1.000000
0.999905 -0.005958 0.012421 0.000000 0.005199 0.998170 0.060253 12.034000 -0.012757 -0.060182 0.998106 -0.000000 0.000000 0.000000 0.000000 1.000000
0.999952 -0.002610 0.009445 -0.000000 0.002017 0.998054 0.062316 12.034000 -0.009589 -0.062294 0.998012 0.000000 0.000000 0.000000 0.000000 1.000000
0.999976 -0.000129 0.006865 0.000000 -0.000305 0.998003 0.063173 12.034000 -0.006859 -0.063174 0.997979 0.000000 0.000000 0.000000 0.000000 1.000000
0.999986 0.001266 0.005201 -0.000000 -0.001593 0.997991 0.063335 12.034000 -0.005110 -0.063342 0.997979 0.000000 0.000000 0.000000 0.000000 1.000000
