<?xml version="1.0" encoding="utf-8"?>
<COLLADA xmlns="http://www.collada.org/2005/11/COLLADASchema" version="1.4.1">
  <asset>
    <contributor>
      <author>Mixamo</author>
      <authoring_tool>COLLADA Mixamo exporter</authoring_tool>
      <comments/>
    </contributor>
    <created>2024-11-07T08:53:05Z</created>
    <modified>2024-11-07T08:53:05Z</modified>
    <revision/>
    <title/>
    <unit meter="0.010000"/>
    <up_axis>Y_UP</up_axis>
  </asset>
  <library_animations>
    <animation id="mixamorig_Hips-anim" name="mixamorig_Hips">
      <source id="mixamorig_Hips-Matrix-animation-input">
        <float_array id="mixamorig_Hips-Matrix-animation-input-array" count="76">

0.000000 0.033333 0.066667 0.100000 0.133333 0.166667 0.200000 0.233333 0.266667 0.300000 0.333333 0.366667 0.400000 0.433333 0.466667 0.500000
0.533333 0.566667 0.600000 0.633333 0.666667 0.700000 0.733333 0.766667 0.800000 0.833333 0.866667 0.900000 0.933333 0.966667 1.000000 1.033333
1.066667 1.100000 1.133333 1.166667 1.200000 1.233333 1.266667 1.300000 1.333333 1.366667 1.400000 1.433333 1.466667 1.500000 1.533333 1.566667
1.600000 1.633333 1.666667 1.700000 1.733333 1.766667 1.800000 1.833333 1.866667 1.900000 1.933333 1.966667 2.000000 2.033333 2.066667 2.100000
2.133333 2.166667 2.200000 2.233333 2.266667 2.300000 2.333333 2.366667 2.400000 2.433333 2.466667 2.500000</float_array>
        <technique_common>
          <accessor source="#mixamorig_Hips-Matrix-animation-input-array" count="76">
            <param name="TIME" type="float"/>
          </accessor>
        </technique_common>
      </source>
      <source id="mixamorig_Hips-Matrix-animation-output-transform">
        <float_array id="mixamorig_Hips-Matrix-animation-output-transform-array" count="1216">

0.544804 -0.036176 -0.837782 -0.689743 0.012656 0.999310 -0.034920 88.709587 0.838468 0.008422 0.544886 0.074821 0.000000 0.000000 0.000000 1.000000
0.541697 -0.037452 -0.839739 -0.900185 0.015395 0.999281 -0.034636 88.699478 0.840433 0.005835 0.541884 0.008084 0.000000 0.000000 0.000000 1.000000
0.537572 -0.038978 -0.842316 -1.094217 0.017727 0.999233 -0.034926 88.710075 0.843031 0.003843 0.537851 -0.062815 0.000000 0.000000 0.000000 1.000000
0.531998 -0.040604 -0.845771 -1.277942 0.019779 0.999173 -0.035528 88.734818 0.846515 0.002172 0.532361 -0.117046 0.000000 0.000000 0.000000 1.000000
0.525344 -0.042243 -0.849841 -1.454118 0.021832 0.999107 -0.036167 88.771652 0.850610 0.000447 0.525797 -0.134632 0.000000 0.000000 0.000000 1.000000
0.518581 -0.044102 -0.853890 -1.618868 0.024273 0.999026 -0.036856 88.819740 0.854684 -0.001614 0.519146 -0.123255 0.000000 0.000000 0.000000 1.000000
0.512656 -0.046330 -0.857343 -1.759430 0.026883 0.998920 -0.037906 88.876404 0.858173 -0.003615 0.513348 -0.112345 0.000000 0.000000 0.000000 1.000000
0.508587 -0.048818 -0.859625 -1.862929 0.028602 0.998798 -0.039800 88.936081 0.860535 -0.004345 0.509372 -0.104833 0.000000 0.000000 0.000000 1.000000
0.507170 -0.050555 -0.860362 -1.922876 0.027501 0.998719 -0.042473 88.969521 0.861407 -0.002119 0.507911 -0.033116 0.000000 0.000000 0.000000 1.000000
0.507672 -0.050986 -0.860040 -1.937721 0.023051 0.998694 -0.045599 88.950363 0.861242 0.003324 0.508185 0.239936 0.000000 0.000000 0.000000 1.000000
0.507743 -0.050792 -0.860010 -1.894777 0.015670 0.998640 -0.049727 88.844299 0.861366 0.011772 0.507848 0.763234 0.000000 0.000000 0.000000 1.000000
0.505504 -0.049468 -0.861405 -1.799929 0.003209 0.998456 -0.055455 88.550186 0.862818 0.025269 0.504882 1.497602 0.000000 0.000000 0.000000 1.000000
0.501973 -0.045174 -0.863702 -1.690236 -0.015062 0.998027 -0.060954 88.024658 0.864752 0.043606 0.500303 2.400990 0.000000 0.000000 0.000000 1.000000
0.500852 -0.033656 -0.864879 -1.629040 -0.038413 0.997395 -0.061058 87.257034 0.864680 0.063804 0.498254 3.589350 0.000000 0.000000 0.000000 1.000000
0.507220 -0.011703 -0.861737 -1.824279 -0.061683 0.996850 -0.049845 86.341934 0.859606 0.078437 0.504901 5.182190 0.000000 0.000000 0.000000 1.000000
0.527149 0.022484 -0.849475 -2.413970 -0.082920 0.996240 -0.025088 85.403610 0.845718 0.083664 0.527031 7.312160 0.000000 0.000000 0.000000 1.000000
0.568782 0.066129 -0.819825 -3.193805 -0.100363 0.994894 0.010620 84.575874 0.816342 0.076240 0.572515 10.097416 0.000000 0.000000 0.000000 1.000000
0.637791 0.113144 -0.761854 -4.052591 -0.112999 0.992194 0.052754 84.034035 0.761875 0.052442 0.645597 13.638113 0.000000 0.000000 0.000000 1.000000
0.730254 0.155952 -0.665137 -4.760056 -0.124500 0.987672 0.094887 83.837845 0.671735 0.013518 0.740668 17.794361 0.000000 0.000000 0.000000 1.000000
0.828893 0.191870 -0.525473 -5.118437 -0.143141 0.980815 0.132338 84.202637 0.540783 -0.034477 0.840455 22.108799 0.000000 0.000000 0.000000 1.000000
0.910003 0.222660 -0.349739 -5.159276 -0.176734 0.971399 0.158584 84.926277 0.375046 -0.082501 0.923328 25.555061 0.000000 0.000000 0.000000 1.000000
0.953940 0.254871 -0.158238 -5.137514 -0.228112 0.958824 0.169180 86.502205 0.194841 -0.125292 0.972799 27.970100 0.000000 0.000000 0.000000 1.000000
0.957329 0.288031 0.023666 -5.058715 -0.287686 0.941969 0.173006 89.071152 0.027538 -0.172432 0.984636 29.467457 0.000000 0.000000 0.000000 1.000000
0.916812 0.350147 0.191970 -4.992171 -0.383420 0.906211 0.178245 92.148720 -0.111554 -0.237022 0.965078 30.969879 0.000000 0.000000 0.000000 1.000000
0.840195 0.412150 0.352426 -5.258293 -0.489384 0.856249 0.165354 95.227264 -0.233613 -0.311401 0.921116 33.362488 0.000000 0.000000 0.000000 1.000000
0.723029 0.475812 0.500832 -5.653975 -0.602519 0.788993 0.120253 98.062416 -0.337935 -0.388707 0.857150 36.015343 0.000000 0.000000 0.000000 1.000000
0.578260 0.533333 0.617391 -6.328000 -0.706989 0.705239 0.052958 99.543884 -0.407164 -0.467112 0.784872 37.266064 0.000000 0.000000 0.000000 1.000000
0.444509 0.573701 0.687953 -8.785610 -0.786016 0.618159 -0.007627 99.476852 -0.429640 -0.537351 0.725715 38.760433 0.000000 0.000000 0.000000 1.000000
0.347454 0.606008 0.715563 -11.744812 -0.841937 0.537573 -0.046452 99.336311 -0.412817 -0.586319 0.697002 41.968731 0.000000 0.000000 0.000000 1.000000
0.296371 0.641466 0.707591 -13.373581 -0.877131 0.475955 -0.064095 99.667519 -0.377896 -0.601654 0.703709 45.990517 0.000000 0.000000 0.000000 1.000000
0.269545 0.675895 0.685938 -14.342500 -0.901696 0.427206 -0.066622 99.904907 -0.338067 -0.600550 0.724604 49.559616 0.000000 0.000000 0.000000 1.000000
0.241586 0.691529 0.680752 -15.179989 -0.918841 0.388606 -0.068679 100.047668 -0.312038 -0.608911 0.729287 52.819008 0.000000 0.000000 0.000000 1.000000
0.213898 0.683201 0.698200 -15.994089 -0.921779 0.377770 -0.087261 99.198982 -0.323376 -0.624921 0.710564 54.419079 0.000000 0.000000 0.000000 1.000000
0.185547 0.658049 0.729756 -16.523296 -0.916109 0.384455 -0.113748 98.499321 -0.355411 -0.647431 0.674179 55.565929 0.000000 0.000000 0.000000 1.000000
0.164338 0.630892 0.758267 -16.505354 -0.901476 0.408110 -0.144180 98.000977 -0.400418 -0.659865 0.635802 56.335552 0.000000 0.000000 0.000000 1.000000
0.153903 0.609270 0.777884 -16.168972 -0.877438 0.446263 -0.175932 97.411430 -0.454331 -0.655468 0.603278 56.581638 0.000000 0.000000 0.000000 1.000000
0.155452 0.591459 0.791209 -15.834426 -0.849841 0.488386 -0.198115 96.675919 -0.503592 -0.641604 0.578566 56.868504 0.000000 0.000000 0.000000 1.000000
0.183040 0.573170 0.798732 -15.375059 -0.815060 0.542761 -0.202703 95.785530 -0.549704 -0.613911 0.566514 56.595387 0.000000 0.000000 0.000000 1.000000
0.240972 0.548773 0.800487 -14.467935 -0.771217 0.608995 -0.185335 95.010300 -0.589200 -0.572689 0.569974 55.536842 0.000000 0.000000 0.000000 1.000000
0.336029 0.513616 0.789483 -12.837980 -0.712865 0.686522 -0.143215 94.571541 -0.615555 -0.514670 0.596830 53.848938 0.000000 0.000000 0.000000 1.000000
0.471822 0.462070 0.750916 -10.458444 -0.634286 0.769458 -0.074940 94.525925 -0.612426 -0.440937 0.656132 51.889278 0.000000 0.000000 0.000000 1.000000
0.632080 0.390547 0.669289 -7.653395 -0.535010 0.844755 0.012331 94.954750 -0.560570 -0.365871 0.742900 49.947250 0.000000 0.000000 0.000000 1.000000
0.782858 0.300357 0.544903 -5.184424 -0.412687 0.906064 0.093472 95.438675 -0.465642 -0.298050 0.833273 48.281322 0.000000 0.000000 0.000000 1.000000
0.889166 0.209776 0.406668 -3.480402 -0.287809 0.947307 0.140624 95.777657 -0.355740 -0.242081 0.902688 46.776588 0.000000 0.000000 0.000000 1.000000
0.943468 0.146902 0.297132 -2.619190 -0.197052 0.969398 0.146420 95.417000 -0.266530 -0.196693 0.943543 45.333195 0.000000 0.000000 0.000000 1.000000
0.967336 0.110422 0.228186 -2.322499 -0.141907 0.981765 0.126491 94.499733 -0.210058 -0.154740 0.965366 43.902031 0.000000 0.000000 0.000000 1.000000
0.982302 0.077997 0.170290 -2.084804 -0.095670 0.990561 0.098166 93.370682 -0.161026 -0.112720 0.980492 42.415546 0.000000 0.000000 0.000000 1.000000
0.993103 0.051551 0.105306 -1.795842 -0.058763 0.996050 0.066567 92.037849 -0.101459 -0.072296 0.992209 40.931084 0.000000 0.000000 0.000000 1.000000
0.998852 0.035637 0.032012 -1.521823 -0.036583 0.998896 0.029467 90.813255 -0.030926 -0.030604 0.999053 39.394043 0.000000 0.000000 0.000000 1.000000
0.998445 0.029769 -0.047135 -1.354031 -0.030219 0.999504 -0.008852 89.955338 0.046849 0.010263 0.998849 37.743206 0.000000 0.000000 0.000000 1.000000
0.989889 0.025266 -0.139575 -1.191582 -0.030550 0.998890 -0.035849 89.644424 0.138514 0.039750 0.989562 36.107513 0.000000 0.000000 0.000000 1.000000
0.967258 0.017996 -0.253158 -0.886599 -0.030690 0.998457 -0.046284 89.864799 0.251934 0.052538 0.966317 34.500980 0.000000 0.000000 0.000000 1.000000
0.923128 0.010715 -0.384344 -0.481637 -0.031424 0.998370 -0.047642 90.500229 0.383207 0.056057 0.921960 32.736160 0.000000 0.000000 0.000000 1.000000
0.856758 0.006378 -0.515680 -0.121084 -0.036137 0.998208 -0.047693 91.396446 0.514452 0.059497 0.855453 30.653517 0.000000 0.000000 0.000000 1.000000
0.778381 0.004165 -0.627778 0.100097 -0.043472 0.997935 -0.047280 92.354683 0.626285 0.064092 0.776955 28.266773 0.000000 0.000000 0.000000 1.000000
0.702490 0.002533 -0.711689 0.142535 -0.051341 0.997569 -0.047127 92.945061 0.709839 0.069646 0.700912 25.535841 0.000000 0.000000 0.000000 1.000000
0.638460 -0.000873 -0.769654 0.030381 -0.059582 0.996942 -0.050556 93.178314 0.767345 0.078135 0.636456 22.550795 0.000000 0.000000 0.000000 1.000000
0.589933 -0.007838 -0.807414 -0.127727 -0.071454 0.995523 -0.061871 92.857185 0.804284 0.094193 0.586732 19.246094 0.000000 0.000000 0.000000 1.000000
0.557811 -0.016013 -0.829813 -0.243161 -0.085683 0.993361 -0.076766 91.689545 0.825533 0.113922 0.552736 15.751608 0.000000 0.000000 0.000000 1.000000
0.539028 -0.022748 -0.841980 -0.248097 -0.093235 0.991881 -0.086486 89.774185 0.837112 0.125120 0.532531 12.404786 0.000000 0.000000 0.000000 1.000000
0.525614 -0.028032 -0.850261 -0.034553 -0.089616 0.992072 -0.088107 87.661034 0.845990 0.122508 0.518934 9.606303 0.000000 0.000000 0.000000 1.000000
0.511008 -0.034665 -0.858877 0.329447 -0.078824 0.993087 -0.086980 86.065392 0.855954 0.112148 0.504743 7.449941 0.000000 0.000000 0.000000 1.000000
0.497028 -0.040512 -0.866789 0.531409 -0.068090 0.994009 -0.085501 85.420998 0.865059 0.101516 0.491291 5.776256 0.000000 0.000000 0.000000 1.000000
0.490052 -0.042496 -0.870657 0.450374 -0.061053 0.994685 -0.082913 85.683998 0.869552 0.093788 0.484853 4.418858 0.000000 0.000000 0.000000 1.000000
0.492471 -0.043389 -0.869247 0.268698 -0.055845 0.995123 -0.081311 86.538177 0.868535 0.088586 0.487646 3.351344 0.000000 0.000000 0.000000 1.000000
0.501482 -0.045684 -0.863961 0.188570 -0.050085 0.995397 -0.081706 87.512634 0.863717 0.084246 0.496886 2.516292 0.000000 0.000000 0.000000 1.000000
0.512896 -0.048589 -0.857075 0.210417 -0.043351 0.995657 -0.082388 88.297241 0.857356 0.079412 0.508562 1.853831 0.000000 0.000000 0.000000 1.000000
0.523202 -0.050152 -0.850732 0.236593 -0.036131 0.996064 -0.080940 88.788574 0.851443 0.073086 0.519330 1.341482 0.000000 0.000000 0.000000 1.000000
0.530251 -0.049374 -0.846402 0.222868 -0.028824 0.996676 -0.076198 88.973457 0.847351 0.064801 0.527065 0.970600 0.000000 0.000000 0.000000 1.000000
0.534128 -0.046822 -0.844106 0.181611 -0.021393 0.997397 -0.068862 88.936043 0.845133 0.054839 0.531735 0.723031 0.000000 0.000000 0.000000 1.000000
0.536605 -0.043739 -0.842699 0.114524 -0.013982 0.998058 -0.060706 88.810616 0.843718 0.044358 0.534951 0.558576 0.000000 0.000000 0.000000 1.000000
0.539078 -0.040976 -0.841259 0.000836 -0.007123 0.998558 -0.053202 88.708038 0.842226 0.034672 0.538009 0.439668 0.000000 0.000000 0.000000 1.000000
0.541597 -0.038632 -0.839750 -0.164402 -0.001342 0.998902 -0.046820 88.665939 0.840637 0.026485 0.540951 0.344308 0.000000 0.000000 0.000000 1.000000
0.543507 -0.036713 -0.838601 -0.353783 0.003446 0.999132 -0.041508 88.665741 0.839398 0.019670 0.543162 0.257412 0.000000 0.000000 0.000000 1.000000
0.544494 -0.035750 -0.838003 -0.533068 0.007960 0.999267 -0.037457 88.684441 0.838727 0.013724 0.544379 0.166970 0.000000 0.000000 0.000000 1.000000
0.544804 -0.036176 -0.837782 -0.689742 0.012656 0.999310 -0.034920 88.709595 0.838468 0.008422 0.544886 0.074819 0.000000 0.000000 0.000000 1.000000</float_array>
        <technique_common>
          <accessor source="#mixamorig_Hips-Matrix-animation-output-transform-array" count="76" stride="16">
            <param type="float4x4"/>
          </accessor>
        </technique_common>
      </source>
      <source id="mixamorig_Hips-Interpolations">
        <Name_array id="mixamorig_Hips-Interpolations-array" count="76">
 LINEAR LINEAR LINEAR LINEAR LINEAR LINEAR LINEAR LINEAR LINEAR LINEAR LINEAR
LINEAR LINEAR LINEAR LINEAR LINEAR LINEAR LINEAR LINEAR LINEAR LINEAR LINEAR LINEAR
LINEAR LINEAR LINEAR LINEAR LINEAR LINEAR LINEAR LINEAR LINEAR LINEAR LINEAR LINEAR
LINEAR LINEAR LINEAR LINEAR LINEAR LINEAR LINEAR LINEAR LINEAR LINEAR LINEAR LINEAR
LINEAR LINEAR LINEAR LINEAR LINEAR LINEAR LINEAR LINEAR LINEAR LINEAR LINEAR LINEAR
LINEAR LINEAR LINEAR LINEAR LINEAR LINEAR LINEAR LINEAR LINEAR LINEAR LINEAR LINEAR
LINEAR LINEAR LINEAR LINEAR LINEAR</Name_array>
        <technique_common>
          <accessor source="#mixamorig_Hips-Interpolations-array" count="76">
            <param type="name"/>
          </accessor>
        </technique_common>
      </source>
      <sampler id="mixamorig_Hips-Matrix-animation-transform">
        <input semantic="INPUT" source="#mixamorig_Hips-Matrix-animation-input"/>
        <input semantic="OUTPUT" source="#mixamorig_Hips-Matrix-animation-output-transform"/>
        <input semantic="INTERPOLATION" source="#mixamorig_Hips-Interpolations"/>
      </sampler>
      <channel source="#mixamorig_Hips-Matrix-animation-transform" target="mixamorig_Hips/matrix"/>
    </animation>
    <animation id="mixamorig_Spine-anim" name="mixamorig_Spine">
      <source id="mixamorig_Spine-Matrix-animation-input">
        <float_array id="mixamorig_Spine-Matrix-animation-input-array" count="76">

0.000000 0.033333 0.066667 0.100000 0.133333 0.166667 0.200000 0.233333 0.266667 0.300000 0.333333 0.366667 0.400000 0.433333 0.466667 0.500000
0.533333 0.566667 0.600000 0.633333 0.666667 0.700000 0.733333 0.766667 0.800000 0.833333 0.866667 0.900000 0.933333 0.966667 1.000000 1.033333
1.066667 1.100000 1.133333 1.166667 1.200000 1.233333 1.266667 1.300000 1.333333 1.366667 1.400000 1.433333 1.466667 1.500000 1.533333 1.566667
1.600000 1.633333 1.666667 1.700000 1.733333 1.766667 1.800000 1.833333 1.866667 1.900000 1.933333 1.966667 2.000000 2.033333 2.066667 2.100000
2.133333 2.166667 2.200000 2.233333 2.266667 2.300000 2.333333 2.366667 2.400000 2.433333 2.466667 2.500000</float_array>
        <technique_common>
          <accessor source="#mixamorig_Spine-Matrix-animation-input-array" count="76">
            <param name="TIME" type="float"/>
          </accessor>
        </technique_common>
      </source>
      <source id="mixamorig_Spine-Matrix-animation-output-transform">
        <float_array id="mixamorig_Spine-Matrix-animation-output-transform-array" count="1216">

0.999664 -0.010333 0.023781 0.000000 0.008812 0.997962 0.063198 10.246800 -0.024386 -0.062967 0.997718 -1.182900 0.000000 0.000000 0.000000 1.000000
0.999679 -0.010138 0.023218 -0.000000 0.008638 0.997926 0.063788 10.246800 -0.023816 -0.063567 0.997693 -1.182900 0.000000 0.000000 0.000000 1.000000
0.999697 -0.009870 0.022544 -0.000000 0.008401 0.997890 0.064384 10.246800 -0.023132 -0.064175 0.997671 -1.182900 0.000000 0.000000 0.000000 1.000000
0.999717 -0.009201 0.021955 0.000000 0.007750 0.997836 0.065288 10.246800 -0.022508 -0.065099 0.997625 -1.182900 0.000000 0.000000 0.000000 1.000000
0.999734 -0.008215 0.021551 -0.000000 0.006765 0.997762 0.066517 10.246800 -0.022049 -0.066353 0.997553 -1.182900 0.000000 0.000000 0.000000 1.000000
0.999749 -0.007265 0.021187 -0.000000 0.005811 0.997675 0.067905 10.246800 -0.021631 -0.067765 0.997467 -1.182900 0.000000 0.000000 0.000000 1.000000
0.999772 -0.006542 0.020338 -0.000000 0.005121 0.997592 0.069160 10.246800 -0.020742 -0.069040 0.997398 -1.182900 0.000000 0.000000 0.000000 1.000000
0.999816 -0.005891 0.018259 0.000000 0.004600 0.997539 0.069958 10.246800 -0.018627 -0.069861 0.997383 -1.182900 0.000000 0.000000 0.000000 1.000000
0.999874 -0.005918 0.014756 0.000000 0.004865 0.997507 0.070406 10.246800 -0.015136 -0.070326 0.997409 -1.182900 0.000000 0.000000 0.000000 1.000000
0.999925 -0.006185 0.010540 -0.000000 0.005419 0.997445 0.071237 10.246800 -0.010954 -0.071175 0.997404 -1.182900 0.000000 0.000000 0.000000 1.000000
0.999965 -0.005642 0.006185 0.000000 0.005174 0.997308 0.073150 10.246800 -0.006581 -0.073115 0.997302 -1.182900 0.000000 0.000000 0.000000 1.000000
0.999979 -0.006364 0.001070 0.000000 0.006264 0.997086 0.076030 10.246800 -0.001551 -0.076022 0.997105 -1.182900 0.000000 0.000000 0.000000 1.000000
0.999936 -0.009420 -0.006189 0.000000 0.009880 0.996812 0.079177 10.246800 0.005423 -0.079234 0.996841 -1.182900 0.000000 0.000000 0.000000 1.000000
0.999774 -0.015143 -0.014914 -0.000000 0.016317 0.996498 0.082013 10.246800 0.013620 -0.082238 0.996520 -1.182900 0.000000 0.000000 0.000000 1.000000
0.999543 -0.020608 -0.022136 -0.000000 0.022407 0.996186 0.084328 10.246800 0.020314 -0.084785 0.996192 -1.182900 0.000000 0.000000 0.000000 1.000000
0.999444 -0.024920 -0.022142 0.000000 0.026783 0.995736 0.088280 10.246800 0.019848 -0.088824 0.995850 -1.182900 0.000000 0.000000 0.000000 1.000000
0.999756 -0.022067 -0.001149 -0.000000 0.022068 0.994442 0.102948 10.246800 -0.001129 -0.102948 0.994686 -1.182900 0.000000 0.000000 0.000000 1.000000
0.999169 -0.010932 0.039261 0.000000 0.005834 0.991796 0.127698 10.246800 -0.040335 -0.127362 0.991036 -1.182900 0.000000 0.000000 0.000000 1.000000
0.995323 0.006465 0.096385 0.000000 -0.021678 0.987259 0.157639 10.246800 -0.094138 -0.158991 0.982782 -1.182900 0.000000 0.000000 0.000000 1.000000
0.985939 0.025291 0.165181 0.000000 -0.056141 0.981158 0.184872 10.246800 -0.157393 -0.191546 0.968781 -1.182900 0.000000 0.000000 0.000000 1.000000
0.972631 0.040645 0.228772 0.000000 -0.088298 0.975375 0.202109 10.246800 -0.214923 -0.216777 0.952269 -1.182900 0.000000 0.000000 0.000000 1.000000
0.963830 0.047596 0.262235 -0.000000 -0.104781 0.972366 0.208629 10.246800 -0.245058 -0.228560 0.942182 -1.182900 0.000000 0.000000 0.000000 1.000000
0.963331 0.049322 0.263742 0.000000 -0.107442 0.971621 0.210735 10.246800 -0.245863 -0.231344 0.941292 -1.182900 0.000000 0.000000 0.000000 1.000000
0.969462 0.047911 0.240514 0.000000 -0.100537 0.972175 0.211585 10.246800 -0.223685 -0.229304 0.947304 -1.182900 0.000000 0.000000 0.000000 1.000000
0.979532 0.037438 0.197778 0.000000 -0.079845 0.974212 0.211034 10.246800 -0.184777 -0.222506 0.957261 -1.182900 0.000000 0.000000 0.000000 1.000000
0.990081 0.015206 0.139674 0.000000 -0.043714 0.978124 0.203380 10.246800 -0.133525 -0.207468 0.969086 -1.182900 0.000000 0.000000 0.000000 1.000000
0.996616 -0.014779 0.080854 0.000000 -0.000411 0.982793 0.184711 10.246800 -0.082193 -0.184119 0.979461 -1.182900 0.000000 0.000000 0.000000 1.000000
0.998713 -0.035849 0.035871 -0.000000 0.029652 0.986604 0.160415 10.246800 -0.041141 -0.159145 0.986398 -1.182900 0.000000 0.000000 0.000000 1.000000
0.998841 -0.048028 -0.003026 0.000000 0.047967 0.988531 0.143196 10.246800 -0.003886 -0.143175 0.989690 -1.182900 0.000000 0.000000 0.000000 1.000000
0.997563 -0.057021 -0.040206 0.000000 0.062074 0.988445 0.138286 10.246800 0.031856 -0.140444 0.989576 -1.182900 0.000000 0.000000 0.000000 1.000000
0.995289 -0.066473 -0.070578 0.000000 0.075809 0.987369 0.139124 10.246800 0.060439 -0.143819 0.987757 -1.182900 0.000000 0.000000 0.000000 1.000000
0.992422 -0.074402 -0.097790 0.000000 0.087359 0.986890 0.135707 10.246800 0.086411 -0.143221 0.985911 -1.182900 0.000000 0.000000 0.000000 1.000000
0.989895 -0.077127 -0.118995 0.000000 0.092272 0.987536 0.127511 10.246800 0.107677 -0.137202 0.984673 -1.182900 0.000000 0.000000 0.000000 1.000000
0.988212 -0.074659 -0.133653 0.000000 0.091234 0.988264 0.122521 10.246800 0.122937 -0.133271 0.983425 -1.182900 0.000000 0.000000 0.000000 1.000000
0.987208 -0.072197 -0.142155 0.000000 0.089949 0.988359 0.122700 10.246800 0.131641 -0.133917 0.982210 -1.182900 0.000000 0.000000 0.000000 1.000000
0.986421 -0.068826 -0.149120 -0.000000 0.087589 0.988515 0.123151 10.246800 0.138931 -0.134540 0.981120 -1.182900 0.000000 0.000000 0.000000 1.000000
0.985709 -0.061583 -0.156797 0.000000 0.080737 0.989621 0.118874 10.246800 0.147849 -0.129834 0.980451 -1.182900 0.000000 0.000000 0.000000 1.000000
0.984918 -0.048436 -0.166105 0.000000 0.067019 0.991872 0.108160 10.246800 0.159516 -0.117661 0.980158 -1.182900 0.000000 0.000000 0.000000 1.000000
0.984312 -0.031050 -0.173686 0.000000 0.047892 0.994454 0.093631 10.246800 0.169815 -0.100480 0.980340 -1.182900 0.000000 0.000000 0.000000 1.000000
0.984256 -0.010467 -0.176441 0.000000 0.025131 0.996391 0.081081 10.246800 0.174956 -0.084239 0.980966 -1.182900 0.000000 0.000000 0.000000 1.000000
0.984544 0.011862 -0.174737 0.000000 0.001231 0.997210 0.074632 10.246800 0.175135 -0.073693 0.981783 -1.182900 0.000000 0.000000 0.000000 1.000000
0.985041 0.027296 -0.170146 0.000000 -0.015154 0.997271 0.072260 10.246800 0.171654 -0.068600 0.982766 -1.182900 0.000000 0.000000 0.000000 1.000000
0.986244 0.038765 -0.160686 0.000000 -0.027644 0.997102 0.070879 10.246800 0.162968 -0.065462 0.984457 -1.182900 0.000000 0.000000 0.000000 1.000000
0.988749 0.046085 -0.142308 0.000000 -0.036890 0.997098 0.066590 10.246800 0.144964 -0.060591 0.987580 -1.182900 0.000000 0.000000 0.000000 1.000000
0.992083 0.045387 -0.117097 -0.000000 -0.038927 0.997622 0.056875 10.246800 0.119400 -0.051866 0.991491 -1.182900 0.000000 0.000000 0.000000 1.000000
0.995092 0.038504 -0.091156 0.000000 -0.034594 0.998428 0.044090 10.246800 0.092711 -0.040720 0.994860 -1.182900 0.000000 0.000000 0.000000 1.000000
0.996934 0.034798 -0.070090 0.000000 -0.032459 0.998886 0.034249 10.246800 0.071204 -0.031869 0.996953 -1.182900 0.000000 0.000000 0.000000 1.000000
0.997716 0.031649 -0.059671 0.000000 -0.029881 0.999094 0.030292 10.246800 0.060576 -0.028440 0.997758 -1.182900 0.000000 0.000000 0.000000 1.000000
0.997999 0.026903 -0.057222 -0.000000 -0.025140 0.999194 0.031300 10.246800 0.058018 -0.029799 0.997871 -1.182900 0.000000 0.000000 0.000000 1.000000
0.998268 0.019233 -0.055606 0.000000 -0.017406 0.999299 0.033150 10.246800 0.056204 -0.032125 0.997902 -1.182900 0.000000 0.000000 0.000000 1.000000
0.998731 0.010197 -0.049324 -0.000000 -0.008617 0.999446 0.032135 10.246800 0.049624 -0.031669 0.998266 -1.182900 0.000000 0.000000 0.000000 1.000000
0.999190 -0.000393 -0.040240 0.000000 0.001612 0.999541 0.030266 10.246800 0.040210 -0.030306 0.998732 -1.182900 0.000000 0.000000 0.000000 1.000000
0.999403 -0.012183 -0.032317 0.000000 0.013189 0.999430 0.031082 10.246800 0.031920 -0.031490 0.998994 -1.182900 0.000000 0.000000 0.000000 1.000000
0.999466 -0.021322 -0.024769 0.000000 0.022182 0.999141 0.034995 10.246800 0.024001 -0.035526 0.999080 -1.182900 0.000000 0.000000 0.000000 1.000000
0.999606 -0.023768 -0.014914 0.000000 0.024361 0.998866 0.040908 10.246800 0.013925 -0.041255 0.999052 -1.182900 0.000000 0.000000 0.000000 1.000000
0.999791 -0.020239 -0.002760 0.000000 0.020348 0.998641 0.047979 10.246800 0.001785 -0.048025 0.998845 -1.182900 0.000000 0.000000 0.000000 1.000000
0.999847 -0.014824 0.009336 0.000000 0.014287 0.998375 0.055162 10.246800 -0.010138 -0.055020 0.998434 -1.182900 0.000000 0.000000 0.000000 1.000000
0.999771 -0.010310 0.018757 0.000000 0.009148 0.998092 0.061057 10.246800 -0.019350 -0.060872 0.997958 -1.182900 0.000000 0.000000 0.000000 1.000000
0.999691 -0.007383 0.023718 -0.000000 0.005847 0.997919 0.064219 10.246800 -0.024143 -0.064060 0.997654 -1.182900 0.000000 0.000000 0.000000 1.000000
0.999672 -0.003733 0.025329 -0.000000 0.002094 0.997921 0.064417 10.246800 -0.025517 -0.064342 0.997602 -1.182900 0.000000 0.000000 0.000000 1.000000
0.999659 -0.001114 0.026073 0.000000 -0.000537 0.997998 0.063246 10.246800 -0.026091 -0.063238 0.997657 -1.182900 0.000000 0.000000 0.000000 1.000000
0.999591 -0.001750 0.028544 0.000000 -0.000028 0.998064 0.062194 10.246800 -0.028597 -0.062169 0.997656 -1.182900 0.000000 0.000000 0.000000 1.000000
0.999481 -0.003354 0.032045 0.000000 0.001411 0.998171 0.060443 10.246800 -0.032189 -0.060367 0.997657 -1.182900 0.000000 0.000000 0.000000 1.000000
0.999439 -0.002948 0.033365 0.000000 0.001031 0.998355 0.057319 10.246800 -0.033479 -0.057252 0.997798 -1.182900 0.000000 0.000000 0.000000 1.000000
0.999466 -0.002005 0.032602 0.000000 0.000204 0.998479 0.055131 10.246800 -0.032662 -0.055095 0.997947 -1.182900 0.000000 0.000000 0.000000 1.000000
0.999490 -0.002706 0.031816 -0.000000 0.000936 0.998457 0.055518 10.246800 -0.031917 -0.055460 0.997951 -1.182900 0.000000 0.000000 0.000000 1.000000
0.999492 -0.004667 0.031538 0.000000 0.002838 0.998324 0.057798 10.246800 -0.031754 -0.057679 0.997830 -1.182900 0.000000 0.000000 0.000000 1.000000
0.999490 -0.006099 0.031340 0.000000 0.004181 0.998135 0.060894 10.246800 -0.031653 -0.060732 0.997652 -1.182900 0.000000 0.000000 0.000000 1.000000
0.999490 -0.006600 0.031245 0.000000 0.004588 0.997936 0.064053 10.246800 -0.031603 -0.063877 0.997457 -1.182900 0.000000 0.000000 0.000000 1.000000
0.999489 -0.007187 0.031138 0.000000 0.005111 0.997790 0.066246 10.246800 -0.031545 -0.066053 0.997317 -1.182900 0.000000 0.000000 0.000000 1.000000
0.999503 -0.008449 0.030364 -0.000000 0.006409 0.997753 0.066690 10.246800 -0.030859 -0.066462 0.997312 -1.182900 0.000000 0.000000 0.000000 1.000000
0.999539 -0.009852 0.028713 -0.000000 0.007945 0.997804 0.065765 10.246800 -0.029298 -0.065507 0.997422 -1.182900 0.000000 0.000000 0.000000 1.000000
0.999582 -0.010758 0.026836 0.000000 0.009009 0.997879 0.064474 10.246800 -0.027472 -0.064205 0.997559 -1.182900 0.000000 0.000000 0.000000 1.000000
0.999617 -0.011049 0.025391 0.000000 0.009419 0.997940 0.063452 10.246800 -0.026040 -0.063188 0.997662 -1.182900 0.000000 0.000000 0.000000 1.000000
0.999642 -0.010841 0.024456 0.000000 0.009282 0.997971 0.062983 10.246800 -0.025089 -0.062734 0.997715 -1.182900 0.000000 0.000000 0.000000 1.000000
0.999664 -0.010333 0.023781 -0.000000 0.008812 0.997962 0.063198 10.246800 -0.024386 -0.062967 0.997718 -1.182900 0.000000 0.000000 0.000000 1.000000</float_array>
        <technique_common>
          <accessor source="#mixamorig_Spine-Matrix-animation-output-transform-array" count="76" stride="16">
            <param type="float4x4"/>
          </accessor>
        </technique_common>
      </source>
      <source id="mixamorig_Spine-Interpolations">
        <Name_array id="mixamorig_Spine-Interpolations-array" count="76">
 LINEAR LINEAR LINEAR LINEAR LINEAR LINEAR LINEAR LINEAR LINEAR LINEAR LINEAR
LINEAR LINEAR LINEAR LINEAR LINEAR LINEAR LINEAR LINEAR LINEAR LINEAR LINEAR LINEAR
LINEAR LINEAR LINEAR LINEAR LINEAR LINEAR LINEAR LINEAR LINEAR LINEAR LINEAR LINEAR
LINEAR LINEAR LINEAR LINEAR LINEAR LINEAR LINEAR LINEAR LINEAR LINEAR LINEAR LINEAR
LINEAR LINEAR LINEAR LINEAR LINEAR LINEAR LINEAR LINEAR LINEAR LINEAR LINEAR LINEAR
LINEAR LINEAR LINEAR LINEAR LINEAR LINEAR LINEAR LINEAR LINEAR LINEAR LINEAR LINEAR
LINEAR LINEAR LINEAR LINEAR LINEAR</Name_array>
        <technique_common>
          <accessor source="#mixamorig_Spine-Interpolations-array" count="76">
            <param type="name"/>
          </accessor>
        </technique_common>
      </source>
      <sampler id="mixamorig_Spine-Matrix-animation-transform">
        <input semantic="INPUT" source="#mixamorig_Spine-Matrix-animation-input"/>
        <input semantic="OUTPUT" source="#mixamorig_Spine-Matrix-animation-output-transform"/>
        <input semantic="INTERPOLATION" source="#mixamorig_Spine-Interpolations"/>
      </sampler>
      <channel source="#mixamorig_Spine-Matrix-animation-transform" target="mixamorig_Spine/matrix"/>
    </animation>
    <animation id="mixamorig_Spine1-anim" name="mixamorig_Spine1">
      <source id="mixamorig_Spine1-Matrix-animation-input">
        <float_array id="mixamorig_Spine1-Matrix-animation-input-array" count="76">

0.000000 0.033333 0.066667 0.100000 0.133333 0.166667 0.200000 0.233333 0.266667 0.300000 0.333333 0.366667 0.400000 0.433333 0.466667 0.500000
0.533333 0.566667 0.600000 0.633333 0.666667 0.700000 0.733333 0.766667 0.800000 0.833333 0.866667 0.900000 0.933333 0.966667 1.000000 1.033333
1.066667 1.100000 1.133333 1.166667 1.200000 1.233333 1.266667 1.300000 1.333333 1.366667 1.400000 1.433333 1.466667 1.500000 1.533333 1.566667
1.600000 1.633333 1.666667 1.700000 1.733333 1.766667 1.800000 1.833333 1.866667 1.900000 1.933333 1.966667 2.000000 2.033333 2.066667 2.100000
2.133333 2.166667 2.200000 2.233333 2.266667 2.300000 2.333333 2.366667 2.400000 2.433333 2.466667 2.500000</float_array>
        <technique_common>
          <accessor source="#mixamorig_Spine1-Matrix-animation-input-array" count="76">
            <param name="TIME" type="float"/>
          </accessor>
        </technique_common>
      </source>
      <source id="mixamorig_Spine1-Matrix-animation-output-transform">
        <float_array id="mixamorig_Spine1-Matrix-animation-output-transform-array" count="1216">

0.999849 -0.015416 0.007962 -0.000000 0.015534 0.999767 -0.014966 12.034000 -0.007729 0.015088 0.999856 -0.000000 0.000000 0.000000 0.000000 1.000000
0.999840 -0.016182 0.007617 0.000000 0.016289 0.999766 -0.014221 12.034000 -0.007385 0.014343 0.999870 0.000000 0.000000 0.000000 0.000000 1.000000
0.999835 -0.016677 0.007265 0.000000 0.016776 0.999765 -0.013722 12.034000 -0.007034 0.013841 0.999879 0.000000 0.000000 0.000000 0.000000 1.000000
0.999832 -0.016949 0.006967 -0.000000 0.017041 0.999765 -0.013419 12.034000 -0.006738 0.013535 0.999886 0.000000 0.000000 0.000000 0.000000 1.000000
0.999828 -0.017311 0.006725 0.000000 0.017400 0.999759 -0.013384 12.034000 -0.006492 0.013499 0.999888 -0.000000 0.000000 0.000000 0.000000 1.000000
0.999817 -0.017993 0.006464 0.000000 0.018080 0.999743 -0.013673 12.034000 -0.006217 0.013787 0.999886 0.000000 0.000000 0.000000 0.000000 1.000000
0.999810 -0.018521 0.006041 0.000000 0.018606 0.999725 -0.014277 12.034000 -0.005775 0.014386 0.999880 -0.000000 0.000000 0.000000 0.000000 1.000000
0.999825 -0.017929 0.005274 0.000000 0.018007 0.999721 -0.015261 12.034000 -0.004999 0.015354 0.999870 0.000000 0.000000 0.000000 0.000000 1.000000
0.999861 -0.016149 0.004069 0.000000 0.016215 0.999731 -0.016557 12.034000 -0.003801 0.016620 0.999855 0.000000 0.000000 0.000000 0.000000 1.000000
0.999898 -0.014011 0.002596 -0.000000 0.014056 0.999740 -0.017968 12.034000 -0.002344 0.018002 0.999835 0.000000 0.000000 0.000000 0.000000 1.000000
0.999937 -0.011142 0.001196 0.000000 0.011163 0.999752 -0.019259 12.034000 -0.000982 0.019272 0.999814 0.000000 0.000000 0.000000 0.000000 1.000000
0.999985 -0.005411 -0.000108 0.000000 0.005408 0.999784 -0.020057 12.034000 0.000216 0.020056 0.999799 0.000000 0.000000 0.000000 0.000000 1.000000
0.999989 0.004299 -0.001729 0.000000 -0.004333 0.999792 -0.019928 12.034000 0.001643 0.019935 0.999800 0.000000 0.000000 0.000000 0.000000 1.000000
0.999876 0.015289 -0.003775 0.000000 -0.015356 0.999715 -0.018296 12.034000 0.003494 0.018352 0.999825 0.000000 0.000000 0.000000 0.000000 1.000000
0.999735 0.022335 -0.005585 -0.000000 -0.022417 0.999636 -0.015043 12.034000 0.005247 0.015165 0.999871 0.000000 0.000000 0.000000 0.000000 1.000000
0.999718 0.023433 -0.003746 0.000000 -0.023469 0.999675 -0.009996 12.034000 0.003511 0.010081 0.999943 0.000000 0.000000 0.000000 0.000000 1.000000
0.999582 0.024746 0.014964 0.000000 -0.024797 0.999687 0.003214 12.034000 -0.014879 -0.003583 0.999883 0.000000 0.000000 0.000000 0.000000 1.000000
0.998566 0.025235 0.047212 0.000000 -0.026318 0.999402 0.022443 12.034000 -0.046618 -0.023653 0.998633 0.000000 0.000000 0.000000 0.000000 1.000000
0.995896 0.022819 0.087584 -0.000000 -0.026809 0.998643 0.044651 12.034000 -0.086447 -0.046815 0.995156 0.000000 0.000000 0.000000 0.000000 1.000000
0.991486 0.015519 0.129285 0.000000 -0.024473 0.997388 0.067958 12.034000 -0.127893 -0.070544 0.989276 0.000000 0.000000 0.000000 0.000000 1.000000
0.986698 0.004986 0.162489 0.000000 -0.019216 0.996099 0.086123 12.034000 -0.161426 -0.088100 0.982945 0.000000 0.000000 0.000000 0.000000 1.000000
0.984003 -0.006125 0.178045 0.000000 -0.009697 0.996086 0.087861 12.034000 -0.177886 -0.088182 0.980092 0.000000 0.000000 0.000000 0.000000 1.000000
0.983399 -0.015765 0.180773 -0.000000 0.002070 0.997129 0.075694 12.034000 -0.181447 -0.074063 0.980608 0.000000 0.000000 0.000000 0.000000 1.000000
0.984286 -0.026487 0.174581 0.000000 0.016493 0.998154 0.058448 12.034000 -0.175807 -0.054651 0.982907 -0.000000 0.000000 0.000000 0.000000 1.000000
0.985824 -0.041679 0.162523 -0.000000 0.035158 0.998465 0.042797 12.034000 -0.164057 -0.036476 0.985776 0.000000 0.000000 0.000000 0.000000 1.000000
0.987496 -0.059822 0.145851 0.000000 0.056503 0.998043 0.026799 12.034000 -0.147169 -0.018223 0.988943 0.000000 0.000000 0.000000 0.000000 1.000000
0.988933 -0.079979 0.124960 0.000000 0.079228 0.996796 0.010978 12.034000 -0.125438 -0.000956 0.992101 0.000000 0.000000 0.000000 0.000000 1.000000
0.989466 -0.103059 0.101661 0.000000 0.103610 0.994618 -0.000143 12.034000 -0.101099 0.010675 0.994819 -0.000000 0.000000 0.000000 0.000000 1.000000
0.987961 -0.134027 0.077261 0.000000 0.134858 0.990849 -0.005613 12.034000 -0.075802 0.015964 0.996995 0.000000 0.000000 0.000000 0.000000 1.000000
0.982955 -0.176407 0.051773 0.000000 0.177264 0.984085 -0.012417 12.034000 -0.048758 0.021383 0.998582 -0.000000 0.000000 0.000000 0.000000 1.000000
0.975365 -0.218903 0.027296 0.000000 0.219488 0.975397 -0.020620 12.034000 -0.022110 0.026103 0.999415 0.000000 0.000000 0.000000 0.000000 1.000000
0.967096 -0.254346 0.005831 -0.000000 0.254405 0.966638 -0.029800 12.034000 0.001943 0.030303 0.999539 0.000000 0.000000 0.000000 0.000000 1.000000
0.959196 -0.282526 -0.011076 0.000000 0.281626 0.958152 -0.051304 12.034000 0.025107 0.046092 0.998622 0.000000 0.000000 0.000000 0.000000 1.000000
0.956549 -0.290738 -0.022041 0.000000 0.288657 0.954939 -0.069051 12.034000 0.041123 0.059688 0.997370 0.000000 0.000000 0.000000 0.000000 1.000000
0.958900 -0.282147 -0.030057 -0.000000 0.278962 0.956802 -0.081916 12.034000 0.051871 0.070165 0.996186 0.000000 0.000000 0.000000 0.000000 1.000000
0.963391 -0.265317 -0.038535 0.000000 0.260855 0.960811 -0.093794 12.034000 0.061910 0.080308 0.994846 -0.000000 0.000000 0.000000 0.000000 1.000000
0.969474 -0.240347 -0.048523 0.000000 0.234586 0.966763 -0.101679 12.034000 0.071348 0.087193 0.993633 -0.000000 0.000000 0.000000 0.000000 1.000000
0.976129 -0.208644 -0.060324 0.000000 0.201372 0.973485 -0.108522 12.034000 0.081367 0.093784 0.992262 0.000000 0.000000 0.000000 0.000000 1.000000
0.982503 -0.171439 -0.072779 0.000000 0.162606 0.980124 -0.113646 12.034000 0.090816 0.099823 0.990852 0.000000 0.000000 0.000000 0.000000 1.000000
0.987724 -0.131424 -0.084434 0.000000 0.121260 0.985826 -0.115946 12.034000 0.098475 0.104284 0.989660 0.000000 0.000000 0.000000 0.000000 1.000000
0.991292 -0.091328 -0.094862 0.000000 0.080254 0.990161 -0.114636 12.034000 0.104398 0.106024 0.988868 0.000000 0.000000 0.000000 0.000000 1.000000
0.993051 -0.055478 -0.103786 0.000000 0.044009 0.992990 -0.109700 12.034000 0.109144 0.104370 0.988531 0.000000 0.000000 0.000000 0.000000 1.000000
0.993572 -0.028870 -0.109458 0.000000 0.017509 0.994489 -0.103372 12.034000 0.111839 0.100791 0.988602 0.000000 0.000000 0.000000 0.000000 1.000000
0.993865 -0.013861 -0.109727 0.000000 0.003043 0.995166 -0.098155 12.034000 0.110557 0.097219 0.989103 0.000000 0.000000 0.000000 0.000000 1.000000
0.994478 -0.009071 -0.104552 0.000000 -0.000770 0.995600 -0.093703 12.034000 0.104941 0.093266 0.990095 0.000000 0.000000 0.000000 0.000000 1.000000
0.995290 -0.009737 -0.096455 0.000000 0.001365 0.996252 -0.086486 12.034000 0.096936 0.085947 0.991573 -0.000000 0.000000 0.000000 0.000000 1.000000
0.995959 -0.012912 -0.088871 -0.000000 0.005870 0.996854 -0.079047 12.034000 0.089612 0.078206 0.992902 0.000000 0.000000 0.000000 0.000000 1.000000
0.996371 -0.015772 -0.083648 0.000000 0.009485 0.997136 -0.075031 12.034000 0.084592 0.073966 0.993667 0.000000 0.000000 0.000000 0.000000 1.000000
0.996664 -0.016291 -0.079970 0.000000 0.010397 0.997236 -0.073571 12.034000 0.080947 0.072495 0.994079 0.000000 0.000000 0.000000 0.000000 1.000000
0.997049 -0.015674 -0.075156 -0.000000 0.010349 0.997442 -0.070732 12.034000 0.076072 0.069746 0.994660 0.000000 0.000000 0.000000 0.000000 1.000000
0.997590 -0.015444 -0.067642 0.000000 0.011199 0.997971 -0.062685 12.034000 0.068473 0.061776 0.995738 0.000000 0.000000 0.000000 0.000000 1.000000
0.998141 -0.017009 -0.058527 0.000000 0.013936 0.998522 -0.052525 12.034000 0.059334 0.051611 0.996903 0.000000 0.000000 0.000000 0.000000 1.000000
0.998591 -0.019536 -0.049343 -0.000000 0.017288 0.998812 -0.045564 12.034000 0.050175 0.044646 0.997742 -0.000000 0.000000 0.000000 0.000000 1.000000
0.998988 -0.020717 -0.039919 0.000000 0.019101 0.998999 -0.040450 12.034000 0.040717 0.039646 0.998384 0.000000 0.000000 0.000000 0.000000 1.000000
0.999361 -0.019883 -0.029694 0.000000 0.018905 0.999281 -0.032869 12.034000 0.030326 0.032287 0.999018 -0.000000 0.000000 0.000000 0.000000 1.000000
0.999669 -0.017389 -0.018953 0.000000 0.016943 0.999581 -0.023460 12.034000 0.019353 0.023131 0.999545 0.000000 0.000000 0.000000 0.000000 1.000000
0.999851 -0.014887 -0.008769 -0.000000 0.014758 0.999783 -0.014697 12.034000 0.008986 0.014566 0.999854 -0.000000 0.000000 0.000000 0.000000 1.000000
0.999924 -0.012297 -0.000269 0.000000 0.012294 0.999888 -0.008552 12.034000 0.000375 0.008548 0.999963 -0.000000 0.000000 0.000000 0.000000 1.000000
0.999934 -0.010043 0.005516 -0.000000 0.010070 0.999938 -0.004809 12.034000 -0.005468 0.004864 0.999973 -0.000000 0.000000 0.000000 0.000000 1.000000
0.999917 -0.009811 0.008364 0.000000 0.009847 0.999942 -0.004302 12.034000 -0.008321 0.004384 0.999956 0.000000 0.000000 0.000000 0.000000 1.000000
0.999874 -0.013189 0.008887 -0.000000 0.013264 0.999876 -0.008460 12.034000 -0.008774 0.008577 0.999925 0.000000 0.000000 0.000000 0.000000 1.000000
0.999795 -0.017997 0.009276 0.000000 0.018134 0.999724 -0.014904 12.034000 -0.009005 0.015070 0.999846 0.000000 0.000000 0.000000 0.000000 1.000000
0.999752 -0.019586 0.010563 0.000000 0.019776 0.999639 -0.018209 12.034000 -0.010203 0.018413 0.999778 0.000000 0.000000 0.000000 0.000000 1.000000
0.999779 -0.017776 0.011261 0.000000 0.017967 0.999691 -0.017174 12.034000 -0.010952 0.017372 0.999789 0.000000 0.000000 0.000000 0.000000 1.000000
0.999802 -0.016610 0.010999 0.000000 0.016772 0.999750 -0.014815 12.034000 -0.010750 0.014996 0.999830 -0.000000 0.000000 0.000000 0.000000 1.000000
