<?xml version="1.0" encoding="utf-8"?>
<COLLADA xmlns="http://www.collada.org/2005/11/COLLADASchema" version="1.4.1">
  <asset>
    <contributor>
      <author>Mixamo</author>
      <authoring_tool>COLLADA Mixamo exporter</authoring_tool>
      <comments/>
    </contributor>
    <created>2024-11-07T08:52:33Z</created>
    <modified>2024-11-07T08:52:33Z</modified>
    <revision/>
    <title/>
    <unit meter="0.010000"/>
    <up_axis>Y_UP</up_axis>
  </asset>
  <library_animations>
    <animation id="mixamorig_Hips-anim" name="mixamorig_Hips">
      <source id="mixamorig_Hips-Matrix-animation-input">
        <float_array id="mixamorig_Hips-Matrix-animation-input-array" count="66">

0.000000 0.033333 0.066667 0.100000 0.133333 0.166667 0.200000 0.233333 0.266667 0.300000 0.333333 0.366667 0.400000 0.433333 0.466667 0.500000
0.533333 0.566667 0.600000 0.633333 0.666667 0.700000 0.733333 0.766667 0.800000 0.833333 0.866667 0.900000 0.933333 0.966667 1.000000 1.033333
1.066667 1.100000 1.133333 1.166667 1.200000 1.233333 1.266667 1.300000 1.333333 1.366667 1.400000 1.433333 1.466667 1.500000 1.533333 1.566667
1.600000 1.633333 1.666667 1.700000 1.733333 1.766667 1.800000 1.833333 1.866667 1.900000 1.933333 1.966667 2.000000 2.033333 2.066667 2.100000
2.133333 2.166667</float_array>
        <technique_common>
          <accessor source="#mixamorig_Hips-Matrix-animation-input-array" count="66">
            <param name="TIME" type="float"/>
          </accessor>
        </technique_common>
      </source>
      <source id="mixamorig_Hips-Matrix-animation-output-transform">
        <float_array id="mixamorig_Hips-Matrix-animation-output-transform-array" count="1056">

0.740370 -0.068359 -0.668715 -0.148871 -0.060037 0.984115 -0.167070 88.166588 0.669513 0.163841 0.724505 -0.741115 0.000000 0.000000 0.000000 1.000000
0.734633 -0.071224 -0.674716 -0.286930 -0.055073 0.984933 -0.163934 88.194862 0.676226 0.157590 0.719642 -1.037187 0.000000 0.000000 0.000000 1.000000
0.721675 -0.075002 -0.688157 -0.418586 -0.050259 0.985812 -0.160150 88.354027 0.690405 0.150162 0.707667 -1.390442 0.000000 0.000000 0.000000 1.000000
0.699052 -0.079073 -0.710686 -0.526053 -0.045643 0.986906 -0.154702 88.674133 0.713613 0.140582 0.686289 -1.782389 0.000000 0.000000 0.000000 1.000000
0.663776 -0.082823 -0.743331 -0.596732 -0.041221 0.988288 -0.146926 89.153435 0.746794 0.128167 0.652588 -2.184446 0.000000 0.000000 0.000000 1.000000
0.613813 -0.086851 -0.784660 -0.638034 -0.037270 0.989634 -0.138693 89.745392 0.788571 0.114376 0.604213 -2.554949 0.000000 0.000000 0.000000 1.000000
0.548888 -0.091754 -0.830845 -0.659224 -0.034754 0.990593 -0.132355 90.365768 0.835173 0.101523 0.540536 -2.859463 0.000000 0.000000 0.000000 1.000000
0.469870 -0.097165 -0.877372 -0.679777 -0.033854 0.991209 -0.127902 90.902336 0.882086 0.089800 0.462449 -3.115916 0.000000 0.000000 0.000000 1.000000
0.378813 -0.102294 -0.919803 -0.661672 -0.034477 0.991623 -0.124480 91.239029 0.924831 0.078867 0.372113 -3.313400 0.000000 0.000000 0.000000 1.000000
0.279922 -0.107143 -0.954025 -0.577034 -0.036711 0.991831 -0.122160 91.287201 0.959320 0.069219 0.273703 -3.457006 0.000000 0.000000 0.000000 1.000000
0.178029 -0.111908 -0.977641 -0.402434 -0.040278 0.991851 -0.120869 91.010056 0.983201 0.060895 0.172071 -3.540411 0.000000 0.000000 0.000000 1.000000
0.075235 -0.115958 -0.990401 -0.157822 -0.044956 0.991811 -0.119538 90.405769 0.996152 0.053518 0.069406 -3.524583 0.000000 0.000000 0.000000 1.000000
-0.028814 -0.118918 -0.992486 0.065846 -0.050410 0.991808 -0.117374 89.517105 0.998313 0.046649 -0.034573 -3.364426 0.000000 0.000000 0.000000 1.000000
-0.132371 -0.121262 -0.983755 0.154075 -0.056328 0.991805 -0.114675 88.407700 0.989599 0.040233 -0.138116 -3.046049 0.000000 0.000000 0.000000 1.000000
-0.228919 -0.122818 -0.965667 0.065193 -0.062798 0.991806 -0.111256 87.125748 0.971418 0.035173 -0.234756 -2.574726 0.000000 0.000000 0.000000 1.000000
-0.310109 -0.122038 -0.942836 -0.175946 -0.068348 0.992022 -0.105924 85.715965 0.948241 0.031593 -0.315976 -1.970904 0.000000 0.000000 0.000000 1.000000
-0.369856 -0.117712 -0.921602 -0.537259 -0.071241 0.992614 -0.098192 84.242805 0.926354 0.029338 -0.375511 -1.242829 0.000000 0.000000 0.000000 1.000000
-0.404694 -0.109745 -0.907843 -1.008163 -0.070940 0.993548 -0.088482 82.792801 0.911697 0.028594 -0.409868 -0.400105 0.000000 0.000000 0.000000 1.000000
-0.411069 -0.098570 -0.906260 -1.550068 -0.067912 0.994686 -0.077384 81.470757 0.909071 0.029736 -0.415578 0.551923 0.000000 0.000000 0.000000 1.000000
-0.383302 -0.084546 -0.919745 -2.065632 -0.062074 0.995908 -0.065678 80.361786 0.921535 0.031918 -0.386981 1.573412 0.000000 0.000000 0.000000 1.000000
-0.314942 -0.068996 -0.946600 -2.467463 -0.054914 0.997008 -0.054400 79.535103 0.947521 0.034849 -0.317789 2.578252 0.000000 0.000000 0.000000 1.000000
-0.204493 -0.055712 -0.977281 -2.769962 -0.053272 0.997533 -0.045720 79.054512 0.977417 0.042713 -0.206956 3.502561 0.000000 0.000000 0.000000 1.000000
-0.060016 -0.048089 -0.997038 -3.105052 -0.065068 0.996903 -0.044166 79.026367 0.996074 0.062224 -0.062959 4.345546 0.000000 0.000000 0.000000 1.000000
0.109709 -0.045035 -0.992943 -3.622598 -0.088774 0.994537 -0.054916 79.572800 0.989991 0.094173 0.105111 5.210900 0.000000 0.000000 0.000000 1.000000
0.304380 -0.042560 -0.951599 -4.373412 -0.116879 0.989784 -0.081653 80.970970 0.945353 0.136075 0.296296 6.281319 0.000000 0.000000 0.000000 1.000000
0.519500 -0.038992 -0.853580 -5.202166 -0.135718 0.982512 -0.127481 83.198341 0.843623 0.182073 0.505123 7.694779 0.000000 0.000000 0.000000 1.000000
0.729303 -0.038879 -0.683085 -5.658701 -0.129982 0.972329 -0.194118 85.595810 0.671730 0.230359 0.704069 9.290748 0.000000 0.000000 0.000000 1.000000
0.890958 -0.044822 -0.451868 -5.198902 -0.089837 0.958048 -0.272166 87.638283 0.445110 0.283083 0.849554 10.740688 0.000000 0.000000 0.000000 1.000000
0.971710 -0.049836 -0.230860 -3.870334 -0.031291 0.941700 -0.334996 89.353355 0.234096 0.332743 0.913499 11.778853 0.000000 0.000000 0.000000 1.000000
0.992795 -0.050055 -0.108866 -2.340080 0.006814 0.930678 -0.365775 90.671173 0.119628 0.362398 0.924314 12.244981 0.000000 0.000000 0.000000 1.000000
0.995521 -0.051923 -0.079008 -1.483241 0.018854 0.927938 -0.372257 91.382347 0.092644 0.369100 0.924761 12.414915 0.000000 0.000000 0.000000 1.000000
0.997037 -0.053477 -0.055295 -1.554272 0.029240 0.928338 -0.370585 91.404778 0.071151 0.367870 0.927151 12.684174 0.000000 0.000000 0.000000 1.000000
0.998969 -0.042351 0.016351 -2.151238 0.045395 0.927520 -0.371007 91.013351 0.000546 0.371366 0.928486 13.204753 0.000000 0.000000 0.000000 1.000000
0.993942 -0.012177 0.109228 -2.858849 0.052127 0.927180 -0.370973 90.568077 -0.096757 0.374419 0.922198 13.885430 0.000000 0.000000 0.000000 1.000000
0.983665 0.024193 0.178375 -3.425098 0.043535 0.929536 -0.366152 90.173988 -0.174665 0.367936 0.913299 14.643430 0.000000 0.000000 0.000000 1.000000
0.976346 0.049704 0.210421 -3.656202 0.029784 0.933021 -0.358588 89.839188 -0.214151 0.356373 0.909471 15.433424 0.000000 0.000000 0.000000 1.000000
0.975346 0.061073 0.212060 -3.506115 0.018214 0.935385 -0.353161 89.622025 -0.219927 0.348317 0.911212 16.139149 0.000000 0.000000 0.000000 1.000000
0.978890 0.065246 0.193692 -3.111559 0.007050 0.936335 -0.351037 89.581345 -0.204264 0.344992 0.916109 16.594746 0.000000 0.000000 0.000000 1.000000
0.983986 0.068199 0.164680 -2.669848 -0.006159 0.936364 -0.350975 89.726791 -0.178137 0.344341 0.921790 16.784164 0.000000 0.000000 0.000000 1.000000
0.989167 0.070755 0.128614 -2.294201 -0.021105 0.935613 -0.352395 89.986504 -0.145267 0.345864 0.926971 16.807356 0.000000 0.000000 0.000000 1.000000
0.994072 0.072017 0.081451 -2.004494 -0.038674 0.934383 -0.354164 90.258057 -0.101613 0.348914 0.931630 16.709667 0.000000 0.000000 0.000000 1.000000
0.997274 0.071192 0.019408 -1.764950 -0.059724 0.933215 -0.354320 90.512596 -0.043336 0.352195 0.934923 16.447338 0.000000 0.000000 0.000000 1.000000
0.996161 0.068641 -0.054336 -1.545368 -0.083427 0.932423 -0.351606 90.751114 0.026529 0.354790 0.934570 15.985741 0.000000 0.000000 0.000000 1.000000
0.989036 0.064327 -0.132927 -1.287873 -0.107161 0.931975 -0.346322 90.945816 0.101607 0.356770 0.928650 15.384020 0.000000 0.000000 0.000000 1.000000
0.975612 0.057732 -0.211774 -1.001176 -0.128805 0.931792 -0.339371 91.056099 0.177737 0.358372 0.916504 14.676551 0.000000 0.000000 0.000000 1.000000
0.956324 0.047527 -0.288419 -0.706208 -0.146091 0.932336 -0.330766 91.066612 0.253184 0.358455 0.898559 13.894593 0.000000 0.000000 0.000000 1.000000
0.932296 0.032957 -0.360191 -0.409498 -0.156698 0.934336 -0.320098 90.931877 0.325990 0.354867 0.876242 13.091660 0.000000 0.000000 0.000000 1.000000
0.904515 0.016072 -0.426139 -0.116116 -0.161503 0.937763 -0.307436 90.640656 0.394676 0.346903 0.850817 12.293731 0.000000 0.000000 0.000000 1.000000
0.872758 -0.001145 -0.488152 0.156685 -0.162669 0.942159 -0.293044 90.291496 0.460252 0.335164 0.822091 11.520910 0.000000 0.000000 0.000000 1.000000
0.836359 -0.017265 -0.547911 0.369394 -0.162165 0.946977 -0.277377 89.961456 0.523648 0.320838 0.789212 10.732351 0.000000 0.000000 0.000000 1.000000
0.796080 -0.031791 -0.604356 0.504411 -0.160766 0.951631 -0.261825 89.703598 0.583448 0.305594 0.752464 9.890120 0.000000 0.000000 0.000000 1.000000
0.754622 -0.044732 -0.654633 0.578961 -0.158384 0.955756 -0.247883 89.530052 0.636757 0.290741 0.714150 8.948956 0.000000 0.000000 0.000000 1.000000
0.716640 -0.055132 -0.695260 0.590318 -0.155278 0.959238 -0.236118 89.450928 0.679938 0.277170 0.678868 7.895681 0.000000 0.000000 0.000000 1.000000
0.686794 -0.063100 -0.724108 0.575228 -0.150507 0.962287 -0.226606 89.464272 0.711099 0.264615 0.651397 6.758548 0.000000 0.000000 0.000000 1.000000
0.666056 -0.069427 -0.742663 0.583021 -0.143573 0.965108 -0.218985 89.520172 0.731953 0.252482 0.632848 5.619217 0.000000 0.000000 0.000000 1.000000
0.652274 -0.074176 -0.754345 0.592818 -0.135650 0.967710 -0.212452 89.571075 0.745746 0.240903 0.621150 4.566796 0.000000 0.000000 0.000000 1.000000
0.644094 -0.076264 -0.761135 0.543177 -0.128741 0.970017 -0.206137 89.578293 0.754035 0.230761 0.614964 3.625989 0.000000 0.000000 0.000000 1.000000
0.642319 -0.074957 -0.762763 0.429200 -0.123515 0.972075 -0.199537 89.551605 0.756420 0.222379 0.615124 2.795809 0.000000 0.000000 0.000000 1.000000
0.647618 -0.071119 -0.758639 0.304979 -0.118941 0.973994 -0.192842 89.490822 0.752624 0.215121 0.622318 2.082927 0.000000 0.000000 0.000000 1.000000
0.658598 -0.066813 -0.749523 0.212301 -0.113636 0.975797 -0.186834 89.393929 0.743866 0.208221 0.635065 1.505857 0.000000 0.000000 0.000000 1.000000
0.672890 -0.063264 -0.737032 0.143420 -0.107342 0.977441 -0.181899 89.250023 0.731913 0.201513 0.650920 1.052191 0.000000 0.000000 0.000000 1.000000
0.689128 -0.060313 -0.722125 0.079227 -0.100523 0.978938 -0.177692 89.044052 0.717633 0.195043 0.668551 0.678425 0.000000 0.000000 0.000000 1.000000
0.706617 -0.058320 -0.705189 0.017146 -0.092854 0.980337 -0.174117 88.783943 0.701477 0.188514 0.687308 0.336727 0.000000 0.000000 0.000000 1.000000
0.723474 -0.058757 -0.687846 -0.040692 -0.083426 0.981628 -0.171600 88.507309 0.685292 0.181532 0.705281 -0.008129 0.000000 0.000000 0.000000 1.000000
0.736079 -0.062359 -0.674018 -0.097632 -0.072181 0.982839 -0.169759 88.274902 0.673037 0.173607 0.718945 -0.369115 0.000000 0.000000 0.000000 1.000000
0.740370 -0.068359 -0.668715 -0.148878 -0.060036 0.984115 -0.167070 88.166573 0.669513 0.163841 0.724505 -0.741123 0.000000 0.000000 0.000000 1.000000</float_array>
        <technique_common>
          <accessor source="#mixamorig_Hips-Matrix-animation-output-transform-array" count="66" stride="16">
            <param type="float4x4"/>
          </accessor>
        </technique_common>
      </source>
      <source id="mixamorig_Hips-Interpolations">
        <Name_array id="mixamorig_Hips-Interpolations-array" count="66">
 LINEAR LINEAR LINEAR LINEAR LINEAR LINEAR LINEAR LINEAR LINEAR LINEAR LINEAR
LINEAR LINEAR LINEAR LINEAR LINEAR LINEAR LINEAR LINEAR LINEAR LINEAR LINEAR LINEAR
LINEAR LINEAR LINEAR LINEAR LINEAR LINEAR LINEAR LINEAR LINEAR LINEAR LINEAR LINEAR
LINEAR LINEAR LINEAR LINEAR LINEAR LINEAR LINEAR LINEAR LINEAR LINEAR LINEAR LINEAR
LINEAR LINEAR LINEAR LINEAR LINEAR LINEAR LINEAR LINEAR LINEAR LINEAR LINEAR LINEAR
LINEAR LINEAR LINEAR LINEAR LINEAR LINEAR LINEAR</Name_array>
        <technique_common>
          <accessor source="#mixamorig_Hips-Interpolations-array" count="66">
            <param type="name"/>
          </accessor>
        </technique_common>
      </source>
      <sampler id="mixamorig_Hips-Matrix-animation-transform">
        <input semantic="INPUT" source="#mixamorig_Hips-Matrix-animation-input"/>
        <input semantic="OUTPUT" source="#mixamorig_Hips-Matrix-animation-output-transform"/>
        <input semantic="INTERPOLATION" source="#mixamorig_Hips-Interpolations"/>
      </sampler>
      <channel source="#mixamorig_Hips-Matrix-animation-transform" target="mixamorig_Hips/matrix"/>
    </animation>
    <animation id="mixamorig_Spine-anim" name="mixamorig_Spine">
      <source id="mixamorig_Spine-Matrix-animation-input">
        <float_array id="mixamorig_Spine-Matrix-animation-input-array" count="66">

0.000000 0.033333 0.066667 0.100000 0.133333 0.166667 0.200000 0.233333 0.266667 0.300000 0.333333 0.366667 0.400000 0.433333 0.466667 0.500000
0.533333 0.566667 0.600000 0.633333 0.666667 0.700000 0.733333 0.766667 0.800000 0.833333 0.866667 0.900000 0.933333 0.966667 1.000000 1.033333
1.066667 1.100000 1.133333 1.166667 1.200000 1.233333 1.266667 1.300000 1.333333 1.366667 1.400000 1.433333 1.466667 1.500000 1.533333 1.566667
1.600000 1.633333 1.666667 1.700000 1.733333 1.766667 1.800000 1.833333 1.866667 1.900000 1.933333 1.966667 2.000000 2.033333 2.066667 2.100000
2.133333 2.166667</float_array>
        <technique_common>
          <accessor source="#mixamorig_Spine-Matrix-animation-input-array" count="66">
            <param name="TIME" type="float"/>
          </accessor>
        </technique_common>
      </source>
      <source id="mixamorig_Spine-Matrix-animation-output-transform">
        <float_array id="mixamorig_Spine-Matrix-animation-output-transform-array" count="1056">

0.997993 0.001617 0.063301 0.000000 -0.004032 0.999268 0.038049 10.246800 -0.063194 -0.038228 0.997269 -1.182900 0.000000 0.000000 0.000000 1.000000
0.998019 0.001180 0.062902 -0.000000 -0.003571 0.999274 0.037920 10.246800 -0.062812 -0.038069 0.997299 -1.182900 0.000000 0.000000 0.000000 1.000000
0.998052 0.000912 0.062374 0.000000 -0.003267 0.999285 0.037667 10.246800 -0.062295 -0.037798 0.997342 -1.182900 0.000000 0.000000 0.000000 1.000000
0.998062 0.000936 0.062224 0.000000 -0.003290 0.999282 0.037748 10.246800 -0.062144 -0.037879 0.997348 -1.182900 0.000000 0.000000 0.000000 1.000000
0.998072 0.000948 0.062058 0.000000 -0.003365 0.999239 0.038848 10.246800 -0.061974 -0.038982 0.997316 -1.182900 0.000000 0.000000 0.000000 1.000000
0.998128 0.000710 0.061149 0.000000 -0.003205 0.999166 0.040713 10.246800 -0.061069 -0.040833 0.997298 -1.182900 0.000000 0.000000 0.000000 1.000000
0.998242 0.000378 0.059269 -0.000000 -0.002896 0.999096 0.042404 10.246800 -0.059200 -0.042501 0.997341 -1.182900 0.000000 0.000000 0.000000 1.000000
0.998413 0.000626 0.056307 0.000000 -0.003089 0.999042 0.043664 10.246800 -0.056226 -0.043769 0.997458 -1.182900 0.000000 0.000000 0.000000 1.000000
0.998653 0.000887 0.051870 0.000000 -0.003197 0.999006 0.044467 10.246800 -0.051779 -0.044573 0.997663 -1.182900 0.000000 0.000000 0.000000 1.000000
0.998979 -0.000054 0.045171 0.000000 -0.001929 0.999036 0.043861 10.246800 -0.045129 -0.043904 0.998016 -1.182900 0.000000 0.000000 0.000000 1.000000
0.999383 -0.001942 0.035062 -0.000000 0.000519 0.999178 0.040544 10.246800 -0.035112 -0.040501 0.998562 -1.182900 0.000000 0.000000 0.000000 1.000000
0.999786 -0.003725 0.020336 0.000000 0.003023 0.999402 0.034441 10.246800 -0.020452 -0.034373 0.999200 -1.182900 0.000000 0.000000 0.000000 1.000000
0.999988 -0.004717 0.001019 0.000000 0.004688 0.999630 0.026804 10.246800 -0.001145 -0.026799 0.999640 -1.182900 0.000000 0.000000 0.000000 1.000000
0.999780 -0.004975 -0.020354 0.000000 0.005361 0.999806 0.018947 10.246800 0.020256 -0.019052 0.999613 -1.182900 0.000000 0.000000 0.000000 1.000000
0.999185 -0.005112 -0.040051 0.000000 0.005576 0.999918 0.011495 10.246800 0.039989 -0.011708 0.999132 -1.182900 0.000000 0.000000 0.000000 1.000000
0.998399 -0.005000 -0.056334 0.000000 0.005262 0.999976 0.004508 10.246800 0.056311 -0.004798 0.998402 -1.182900 0.000000 0.000000 0.000000 1.000000
0.997533 -0.005128 -0.070007 0.000000 0.004998 0.999985 -0.002028 10.246800 0.070016 0.001673 0.997544 -1.182900 0.000000 0.000000 0.000000 1.000000
0.996643 -0.006028 -0.081644 0.000000 0.005416 0.999956 -0.007713 10.246800 0.081687 0.007245 0.996632 -1.182900 0.000000 0.000000 0.000000 1.000000
0.995891 -0.008196 -0.090192 -0.000000 0.007194 0.999909 -0.011430 10.246800 0.090277 0.010734 0.995859 -1.182900 0.000000 0.000000 0.000000 1.000000
0.995442 -0.011449 -0.094675 -0.000000 0.010368 0.999875 -0.011898 10.246800 0.094800 0.010863 0.995437 -1.182900 0.000000 0.000000 0.000000 1.000000
0.995318 -0.014864 -0.095504 0.000000 0.014100 0.999863 -0.008671 10.246800 0.095620 0.007283 0.995391 -1.182900 0.000000 0.000000 0.000000 1.000000
0.995381 -0.018761 -0.094157 -0.000000 0.018623 0.999824 -0.002347 10.246800 0.094185 0.000583 0.995555 -1.182900 0.000000 0.000000 0.000000 1.000000
0.995443 -0.024666 -0.092117 -0.000000 0.025367 0.999657 0.006454 10.246800 0.091926 -0.008761 0.995727 -1.182900 0.000000 0.000000 0.000000 1.000000
0.995515 -0.031829 -0.089085 0.000000 0.033572 0.999272 0.018131 10.246800 0.088443 -0.021040 0.995859 -1.182900 0.000000 0.000000 0.000000 1.000000
0.995854 -0.040377 -0.081514 0.000000 0.043210 0.998511 0.033285 10.246800 0.080048 -0.036669 0.996116 -1.182900 0.000000 0.000000 0.000000 1.000000
0.996799 -0.045634 -0.065642 0.000000 0.049031 0.997489 0.051108 10.246800 0.063145 -0.054163 0.996534 -1.182900 0.000000 0.000000 0.000000 1.000000
0.998288 -0.042768 -0.039901 -0.000000 0.045408 0.996667 0.067777 10.246800 0.036869 -0.069473 0.996902 -1.182900 0.000000 0.000000 0.000000 1.000000
0.999417 -0.033973 -0.003457 0.000000 0.034139 0.996354 0.078186 10.246800 0.000788 -0.078259 0.996933 -1.182900 0.000000 0.000000 0.000000 1.000000
0.998899 -0.024944 0.039732 0.000000 0.021680 0.996514 0.080557 10.246800 -0.041603 -0.079607 0.995958 -1.182900 0.000000 0.000000 0.000000 1.000000
0.996818 -0.019858 0.077196 0.000000 0.013701 0.996741 0.079494 10.246800 -0.078523 -0.078183 0.993842 -1.182900 0.000000 0.000000 0.000000 1.000000
0.994859 -0.017944 0.099664 0.000000 0.010125 0.996870 0.078408 10.246800 -0.100759 -0.076996 0.991927 -1.182900 0.000000 0.000000 0.000000 1.000000
0.993817 -0.015797 0.109898 0.000000 0.007405 0.997053 0.076360 10.246800 -0.110781 -0.075074 0.991005 -1.182900 0.000000 0.000000 0.000000 1.000000
0.993300 -0.012472 0.114891 -0.000000 0.004093 0.997333 0.072874 10.246800 -0.115493 -0.071916 0.990702 -1.182900 0.000000 0.000000 0.000000 1.000000
0.993299 -0.011887 0.114961 -0.000000 0.003943 0.997603 0.069085 10.246800 -0.115507 -0.068169 0.990965 -1.182900 0.000000 0.000000 0.000000 1.000000
0.993917 -0.013216 0.109333 0.000000 0.005995 0.997794 0.066114 10.246800 -0.109965 -0.065056 0.991804 -1.182900 0.000000 0.000000 0.000000 1.000000
0.994654 -0.012485 0.102507 0.000000 0.005877 0.997899 0.064515 10.246800 -0.103097 -0.063568 0.992638 -1.182900 0.000000 0.000000 0.000000 1.000000
0.994933 -0.009580 0.100085 0.000000 0.003135 0.997922 0.064352 10.246800 -0.100493 -0.063712 0.992896 -1.182900 0.000000 0.000000 0.000000 1.000000
0.994696 -0.007109 0.102611 0.000000 0.000450 0.997900 0.064775 10.246800 -0.102856 -0.064386 0.992610 -1.182900 0.000000 0.000000 0.000000 1.000000
0.994333 -0.006339 0.106124 -0.000000 -0.000593 0.997874 0.065165 10.246800 -0.106312 -0.064858 0.992215 -1.182900 0.000000 0.000000 0.000000 1.000000
0.994195 -0.006187 0.107413 0.000000 -0.000873 0.997848 0.065560 10.246800 -0.107587 -0.065273 0.992051 -1.182900 0.000000 0.000000 0.000000 1.000000
0.994350 -0.005607 0.106005 0.000000 -0.001385 0.997834 0.065774 10.246800 -0.106144 -0.065549 0.992188 -1.182900 0.000000 0.000000 0.000000 1.000000
0.994730 -0.003960 0.102457 0.000000 -0.002717 0.997885 0.064945 10.246800 -0.102497 -0.064881 0.992615 -1.182900 0.000000 0.000000 0.000000 1.000000
0.995209 -0.001804 0.097752 0.000000 -0.004331 0.998035 0.062511 10.246800 -0.097672 -0.062635 0.993246 -1.182900 0.000000 0.000000 0.000000 1.000000
0.995666 0.000585 0.092995 0.000000 -0.006106 0.998233 0.059100 10.246800 -0.092796 -0.059412 0.993911 -1.182900 0.000000 0.000000 0.000000 1.000000
0.996053 0.002810 0.088714 0.000000 -0.007777 0.998417 0.055696 10.246800 -0.088417 -0.056166 0.994499 -1.182900 0.000000 0.000000 0.000000 1.000000
0.996387 0.004836 0.084789 0.000000 -0.009301 0.998585 0.052350 10.246800 -0.084416 -0.052950 0.995023 -1.182900 0.000000 0.000000 0.000000 1.000000
0.996702 0.007203 0.080825 -0.000000 -0.011178 0.998744 0.048840 10.246800 -0.080372 -0.049583 0.995531 -1.182900 0.000000 0.000000 0.000000 1.000000
0.996978 0.009188 0.077134 0.000000 -0.012734 0.998878 0.045608 10.246800 -0.076628 -0.046452 0.995977 -1.182900 0.000000 0.000000 0.000000 1.000000
0.997173 0.010545 0.074390 0.000000 -0.013777 0.998977 0.043067 10.246800 -0.073860 -0.043970 0.996299 -1.182900 0.000000 0.000000 0.000000 1.000000
0.997295 0.011061 0.072661 0.000000 -0.014075 0.999056 0.041100 10.246800 -0.072138 -0.042012 0.996509 -1.182900 0.000000 0.000000 0.000000 1.000000
0.997424 0.010894 0.070902 0.000000 -0.013719 0.999126 0.039478 10.246800 -0.070410 -0.040349 0.996702 -1.182900 0.000000 0.000000 0.000000 1.000000
0.997606 0.011164 0.068243 0.000000 -0.013794 0.999175 0.038202 10.246800 -0.067760 -0.039052 0.996937 -1.182900 0.000000 0.000000 0.000000 1.000000
0.997793 0.011921 0.065316 0.000000 -0.014384 0.999198 0.037371 10.246800 -0.064818 -0.038228 0.997165 -1.182900 0.000000 0.000000 0.000000 1.000000
0.997925 0.012916 0.063073 0.000000 -0.015271 0.999199 0.036999 10.246800 -0.062545 -0.037885 0.997323 -1.182900 0.000000 0.000000 0.000000 1.000000
0.998009 0.013458 0.061626 0.000000 -0.015757 0.999192 0.036964 10.246800 -0.061079 -0.037861 0.997415 -1.182900 0.000000 0.000000 0.000000 1.000000
0.998092 0.012879 0.060386 0.000000 -0.015137 0.999198 0.037074 10.246800 -0.059860 -0.037917 0.997486 -1.182900 0.000000 0.000000 0.000000 1.000000
0.998217 0.011160 0.058644 -0.000000 -0.013367 0.999212 0.037383 10.246800 -0.058181 -0.038100 0.997579 -1.182900 0.000000 0.000000 0.000000 1.000000
0.998384 0.008727 0.056158 0.000000 -0.010877 0.999215 0.038087 10.246800 -0.055781 -0.038636 0.997695 -1.182900 0.000000 0.000000 0.000000 1.000000
0.998556 0.006136 0.053375 0.000000 -0.008220 0.999209 0.038919 10.246800 -0.053094 -0.039301 0.997816 -1.182900 0.000000 0.000000 0.000000 1.000000
0.998690 0.004019 0.051005 0.000000 -0.006032 0.999206 0.039376 10.246800 -0.050807 -0.039633 0.997922 -1.182900 0.000000 0.000000 0.000000 1.000000
0.998761 0.002658 0.049687 0.000000 -0.004623 0.999210 0.039480 10.246800 -0.049543 -0.039661 0.997984 -1.182900 0.000000 0.000000 0.000000 1.000000
0.998753 0.001809 0.049888 0.000000 -0.003785 0.999210 0.039552 10.246800 -0.049777 -0.039692 0.997971 -1.182900 0.000000 0.000000 0.000000 1.000000
0.998658 0.001217 0.051780 0.000000 -0.003274 0.999208 0.039649 10.246800 -0.051691 -0.039765 0.997871 -1.182900 0.000000 0.000000 0.000000 1.000000
0.998478 0.001005 0.055147 0.000000 -0.003188 0.999214 0.039523 10.246800 -0.055064 -0.039638 0.997696 -1.182900 0.000000 0.000000 0.000000 1.000000
0.998239 0.001261 0.059313 -0.000000 -0.003576 0.999235 0.038936 10.246800 -0.059219 -0.039080 0.997480 -1.182900 0.000000 0.000000 0.000000 1.000000
0.997993 0.001617 0.063302 0.000000 -0.004033 0.999268 0.038049 10.246800 -0.063194 -0.038228 0.997269 -1.182900 0.000000 0.000000 0.000000 1.000000</float_array>
        <technique_common>
          <accessor source="#mixamorig_Spine-Matrix-animation-output-transform-array" count="66" stride="16">
            <param type="float4x4"/>
          </accessor>
        </technique_common>
      </source>
      <source id="mixamorig_Spine-Interpolations">
        <Name_array id="mixamorig_Spine-Interpolations-array" count="66">
 LINEAR LINEAR LINEAR LINEAR LINEAR LINEAR LINEAR LINEAR LINEAR LINEAR LINEAR
LINEAR LINEAR LINEAR LINEAR LINEAR LINEAR LINEAR LINEAR LINEAR LINEAR LINEAR LINEAR
LINEAR LINEAR LINEAR LINEAR LINEAR LINEAR LINEAR LINEAR LINEAR LINEAR LINEAR LINEAR
LINEAR LINEAR LINEAR LINEAR LINEAR LINEAR LINEAR LINEAR LINEAR LINEAR LINEAR LINEAR
LINEAR LINEAR LINEAR LINEAR LINEAR LINEAR LINEAR LINEAR LINEAR LINEAR LINEAR LINEAR
LINEAR LINEAR LINEAR LINEAR LINEAR LINEAR LINEAR</Name_array>
        <technique_common>
          <accessor source="#mixamorig_Spine-Interpolations-array" count="66">
            <param type="name"/>
          </accessor>
        </technique_common>
      </source>
      <sampler id="mixamorig_Spine-Matrix-animation-transform">
        <input semantic="INPUT" source="#mixamorig_Spine-Matrix-animation-input"/>
        <input semantic="OUTPUT" source="#mixamorig_Spine-Matrix-animation-output-transform"/>
        <input semantic="INTERPOLATION" source="#mixamorig_Spine-Interpolations"/>
      </sampler>
      <channel source="#mixamorig_Spine-Matrix-animation-transform" target="mixamorig_Spine/matrix"/>
    </animation>
    <animation id="mixamorig_Spine1-anim" name="mixamorig_Spine1">
      <source id="mixamorig_Spine1-Matrix-animation-input">
        <float_array id="mixamorig_Spine1-Matrix-animation-input-array" count="66">

0.000000 0.033333 0.066667 0.100000 0.133333 0.166667 0.200000 0.233333 0.266667 0.300000 0.333333 0.366667 0.400000 0.433333 0.466667 0.500000
0.533333 0.566667 0.600000 0.633333 0.666667 0.700000 0.733333 0.766667 0.800000 0.833333 0.866667 0.900000 0.933333 0.966667 1.000000 1.033333
1.066667 1.100000 1.133333 1.166667 1.200000 1.233333 1.266667 1.300000 1.333333 1.366667 1.400000 1.433333 1.466667 1.500000 1.533333 1.566667
1.600000 1.633333 1.666667 1.700000 1.733333 1.766667 1.800000 1.833333 1.866667 1.900000 1.933333 1.966667 2.000000 2.033333 2.066667 2.100000
2.133333 2.166667</float_array>
        <technique_common>
          <accessor source="#mixamorig_Spine1-Matrix-animation-input-array" count="66">
            <param name="TIME" type="float"/>
          </accessor>
        </technique_common>
      </source>
      <source id="mixamorig_Spine1-Matrix-animation-output-transform">
        <float_array id="mixamorig_Spine1-Matrix-animation-output-transform-array" count="1056">

0.999526 -0.021304 0.022243 0.000000 0.021385 0.999766 -0.003409 12.034000 -0.022166 0.003883 0.999747 0.000000 0.000000 0.000000 0.000000 1.000000
0.999530 -0.021231 0.022102 0.000000 0.021318 0.999766 -0.003678 12.034000 -0.022019 0.004148 0.999749 -0.000000 0.000000 0.000000 0.000000 1.000000
0.999539 -0.021003 0.021918 0.000000 0.021090 0.999771 -0.003752 12.034000 -0.021834 0.004213 0.999753 0.000000 0.000000 0.000000 0.000000 1.000000
0.999547 -0.020637 0.021890 0.000000 0.020721 0.999779 -0.003579 12.034000 -0.021811 0.004031 0.999754 -0.000000 0.000000 0.000000 0.000000 1.000000
0.999556 -0.020247 0.021869 0.000000 0.020330 0.999787 -0.003576 12.034000 -0.021792 0.004019 0.999754 0.000000 0.000000 0.000000 0.000000 1.000000
0.999570 -0.019873 0.021567 0.000000 0.019961 0.999793 -0.003913 12.034000 -0.021485 0.004341 0.999760 0.000000 0.000000 0.000000 0.000000 1.000000
0.999594 -0.019403 0.020879 0.000000 0.019498 0.999801 -0.004334 12.034000 -0.020791 0.004740 0.999773 0.000000 0.000000 0.000000 0.000000 1.000000
0.999629 -0.018712 0.019781 -0.000000 0.018810 0.999812 -0.004789 12.034000 -0.019688 0.005159 0.999793 -0.000000 0.000000 0.000000 0.000000 1.000000
0.999680 -0.017625 0.018167 -0.000000 0.017726 0.999828 -0.005375 12.034000 -0.018070 0.005696 0.999821 -0.000000 0.000000 0.000000 0.000000 1.000000
0.999748 -0.015970 0.015771 0.000000 0.016065 0.999853 -0.005946 12.034000 -0.015673 0.006197 0.999858 0.000000 0.000000 0.000000 0.000000 1.000000
0.999832 -0.013734 0.012133 0.000000 0.013809 0.999886 -0.006141 12.034000 -0.012047 0.006307 0.999908 0.000000 0.000000 0.000000 0.000000 1.000000
0.999916 -0.011133 0.006692 0.000000 0.011172 0.999921 -0.005837 12.034000 -0.006626 0.005911 0.999961 0.000000 0.000000 0.000000 0.000000 1.000000
0.999965 -0.008364 -0.000601 -0.000000 0.008361 0.999952 -0.005127 12.034000 0.000644 0.005121 0.999987 0.000000 0.000000 0.000000 0.000000 1.000000
0.999947 -0.005443 -0.008731 -0.000000 0.005409 0.999978 -0.003884 12.034000 0.008752 0.003836 0.999954 0.000000 0.000000 0.000000 0.000000 1.000000
0.999866 -0.002452 -0.016199 0.000000 0.002419 0.999995 -0.002059 12.034000 0.016204 0.002019 0.999867 0.000000 0.000000 0.000000 0.000000 1.000000
0.999751 0.000324 -0.022313 0.000000 -0.000323 1.000000 0.000039 12.034000 0.022313 -0.000032 0.999751 0.000000 0.000000 0.000000 0.000000 1.000000
0.999620 0.002606 -0.027429 0.000000 -0.002546 0.999994 0.002210 12.034000 0.027434 -0.002139 0.999621 0.000000 0.000000 0.000000 0.000000 1.000000
0.999485 0.004200 -0.031799 0.000000 -0.004058 0.999982 0.004528 12.034000 0.031817 -0.004397 0.999484 0.000000 0.000000 0.000000 0.000000 1.000000
0.999374 0.005288 -0.034989 0.000000 -0.005048 0.999963 0.006935 12.034000 0.035025 -0.006754 0.999364 -0.000000 0.000000 0.000000 0.000000 1.000000
0.999312 0.006586 -0.036493 -0.000000 -0.006258 0.999939 0.009095 12.034000 0.036551 -0.008861 0.999293 0.000000 0.000000 0.000000 0.000000 1.000000
0.999301 0.008681 -0.036374 0.000000 -0.008298 0.999909 0.010674 12.034000 0.036463 -0.010365 0.999281 0.000000 0.000000 0.000000 0.000000 1.000000
0.999313 0.011379 -0.035273 0.000000 -0.010976 0.999873 0.011586 12.034000 0.035401 -0.011190 0.999311 0.000000 0.000000 0.000000 0.000000 1.000000
0.999326 0.014101 -0.033906 0.000000 -0.013703 0.999835 0.011947 12.034000 0.034068 -0.011474 0.999354 0.000000 0.000000 0.000000 0.000000 1.000000
0.999344 0.016827 -0.032071 -0.000000 -0.016457 0.999796 0.011749 12.034000 0.032262 -0.011213 0.999417 0.000000 0.000000 0.000000 0.000000 1.000000
0.999396 0.020265 -0.028241 0.000000 -0.019973 0.999744 0.010610 12.034000 0.028449 -0.010039 0.999545 -0.000000 0.000000 0.000000 0.000000 1.000000
0.999481 0.024404 -0.021013 -0.000000 -0.024245 0.999676 0.007816 12.034000 0.021197 -0.007302 0.999749 0.000000 0.000000 0.000000 0.000000 1.000000
0.999604 0.026160 -0.010407 0.000000 -0.026130 0.999654 0.003053 12.034000 0.010483 -0.002780 0.999941 0.000000 0.000000 0.000000 0.000000 1.000000
0.999814 0.019008 0.003130 0.000000 -0.019002 0.999818 -0.001847 12.034000 -0.003165 0.001787 0.999993 0.000000 0.000000 0.000000 0.000000 1.000000
0.999834 0.001794 0.018120 0.000000 -0.001751 0.999996 -0.002420 12.034000 -0.018124 0.002388 0.999833 -0.000000 0.000000 0.000000 0.000000 1.000000
0.999400 -0.016067 0.030668 -0.000000 0.016072 0.999871 0.000098 12.034000 -0.030666 0.000395 0.999530 0.000000 0.000000 0.000000 0.000000 1.000000
0.998936 -0.025674 0.038304 0.000000 0.025713 0.999669 -0.000520 12.034000 -0.038278 0.001504 0.999266 -0.000000 0.000000 0.000000 0.000000 1.000000
0.998756 -0.026553 0.042201 0.000000 0.026715 0.999638 -0.003288 12.034000 -0.042098 0.004412 0.999104 0.000000 0.000000 0.000000 0.000000 1.000000
0.998722 -0.024043 0.044445 0.000000 0.024256 0.999697 -0.004251 12.034000 -0.044330 0.005324 0.999003 0.000000 0.000000 0.000000 0.000000 1.000000
0.998754 -0.022054 0.044756 0.000000 0.022303 0.999738 -0.005076 12.034000 -0.044632 0.006068 0.998985 -0.000000 0.000000 0.000000 0.000000 1.000000
0.998867 -0.020912 0.042742 -0.000000 0.021236 0.999749 -0.007136 12.034000 -0.042582 0.008036 0.999061 0.000000 0.000000 0.000000 0.000000 1.000000
0.998994 -0.020107 0.040087 0.000000 0.020458 0.999756 -0.008354 12.034000 -0.039909 0.009166 0.999161 0.000000 0.000000 0.000000 0.000000 1.000000
0.999041 -0.019912 0.039004 0.000000 0.020233 0.999764 -0.007850 12.034000 -0.038838 0.008631 0.999208 -0.000000 0.000000 0.000000 0.000000 1.000000
0.998997 -0.020515 0.039810 -0.000000 0.020803 0.999760 -0.006834 12.034000 -0.039660 0.007655 0.999184 0.000000 0.000000 0.000000 0.000000 1.000000
0.998928 -0.021367 0.041070 0.000000 0.021640 0.999746 -0.006225 12.034000 -0.040926 0.007107 0.999137 0.000000 0.000000 0.000000 0.000000 1.000000
0.998902 -0.021596 0.041562 0.000000 0.021854 0.999745 -0.005752 12.034000 -0.041427 0.006654 0.999119 0.000000 0.000000 0.000000 0.000000 1.000000
0.998942 -0.020792 0.041019 0.000000 0.021018 0.999766 -0.005089 12.034000 -0.040904 0.005946 0.999145 0.000000 0.000000 0.000000 0.000000 1.000000
0.999028 -0.019281 0.039641 0.000000 0.019478 0.999800 -0.004580 12.034000 -0.039544 0.005348 0.999204 0.000000 0.000000 0.000000 0.000000 1.000000
0.999130 -0.017677 0.037768 -0.000000 0.017855 0.999831 -0.004370 12.034000 -0.037684 0.005041 0.999277 -0.000000 0.000000 0.000000 0.000000 1.000000
0.999223 -0.016501 0.035798 0.000000 0.016659 0.999853 -0.004116 12.034000 -0.035725 0.004710 0.999351 0.000000 0.000000 0.000000 0.000000 1.000000
0.999298 -0.015757 0.033999 -0.000000 0.015891 0.999867 -0.003698 12.034000 -0.033936 0.004235 0.999415 0.000000 0.000000 0.000000 0.000000 1.000000
0.999364 -0.014942 0.032365 0.000000 0.015056 0.999881 -0.003279 12.034000 -0.032313 0.003764 0.999471 0.000000 0.000000 0.000000 0.000000 1.000000
0.999429 -0.013954 0.030757 0.000000 0.014049 0.999897 -0.002865 12.034000 -0.030714 0.003296 0.999523 0.000000 0.000000 0.000000 0.000000 1.000000
0.999485 -0.013237 0.029232 0.000000 0.013311 0.999909 -0.002323 12.034000 -0.029198 0.002711 0.999570 -0.000000 0.000000 0.000000 0.000000 1.000000
0.999522 -0.012955 0.028057 0.000000 0.013010 0.999914 -0.001775 12.034000 -0.028032 0.002139 0.999605 -0.000000 0.000000 0.000000 0.000000 1.000000
0.999545 -0.012856 0.027284 -0.000000 0.012897 0.999916 -0.001315 12.034000 -0.027264 0.001666 0.999627 -0.000000 0.000000 0.000000 0.000000 1.000000
0.999566 -0.012996 0.026454 0.000000 0.013021 0.999915 -0.000790 12.034000 -0.026442 0.001134 0.999650 -0.000000 0.000000 0.000000 0.000000 1.000000
0.999589 -0.013718 0.025185 0.000000 0.013727 0.999906 -0.000181 12.034000 -0.025180 0.000526 0.999683 -0.000000 0.000000 0.000000 0.000000 1.000000
0.999606 -0.015013 0.023736 0.000000 0.015011 0.999887 0.000255 12.034000 -0.023737 0.000101 0.999718 -0.000000 0.000000 0.000000 0.000000 1.000000
0.999608 -0.016592 0.022544 0.000000 0.016590 0.999862 0.000281 12.034000 -0.022545 0.000093 0.999746 0.000000 0.000000 0.000000 0.000000 1.000000
0.999600 -0.018134 0.021718 -0.000000 0.018139 0.999835 -0.000071 12.034000 -0.021713 0.000465 0.999764 -0.000000 0.000000 0.000000 0.000000 1.000000
0.999593 -0.019237 0.021083 0.000000 0.019252 0.999815 -0.000525 12.034000 -0.021069 0.000931 0.999778 -0.000000 0.000000 0.000000 0.000000 1.000000
0.999600 -0.019633 0.020381 0.000000 0.019655 0.999806 -0.000874 12.034000 -0.020360 0.001275 0.999792 0.000000 0.000000 0.000000 0.000000 1.000000
0.999619 -0.019550 0.019468 -0.000000 0.019580 0.999807 -0.001332 12.034000 -0.019438 0.001713 0.999810 -0.000000 0.000000 0.000000 0.000000 1.000000
0.999641 -0.019422 0.018449 0.000000 0.019464 0.999808 -0.002079 12.034000 -0.018405 0.002437 0.999828 0.000000 0.000000 0.000000 0.000000 1.000000
0.999657 -0.019447 0.017562 -0.000000 0.019501 0.999806 -0.002904 12.034000 -0.017502 0.003245 0.999842 -0.000000 0.000000 0.000000 0.000000 1.000000
0.999662 -0.019604 0.017056 0.000000 0.019666 0.999800 -0.003521 12.034000 -0.016984 0.003855 0.999848 0.000000 0.000000 0.000000 0.000000 1.000000
0.999656 -0.019881 0.017122 0.000000 0.019950 0.999793 -0.003914 12.034000 -0.017040 0.004254 0.999846 0.000000 0.000000 0.000000 0.000000 1.000000
0.999636 -0.020245 0.017841 0.000000 0.020321 0.999785 -0.004116 12.034000 -0.017754 0.004477 0.999832 0.000000 0.000000 0.000000 0.000000 1.000000
0.999604 -0.020635 0.019131 0.000000 0.020716 0.999777 -0.004037 12.034000 -0.019043 0.004431 0.999809 0.000000 0.000000 0.000000 0.000000 1.000000
0.999564 -0.021025 0.020718 0.000000 0.021107 0.999770 -0.003728 12.034000 -0.020635 0.004164 0.999778 0.000000 0.000000 0.000000 0.000000 1.000000
0.999526 -0.021304 0.022243 0.000000 0.021385 0.999766 -0.003409 12.034000 -0.022166 0.003883 0.999747 0.000000 0.000000 0.000000 0.000000 1.000000</float_array>
        <technique_common>
          <accessor source="#mixamorig_Spine1-Matrix-animation-output-transform-array" count="66" stride="16">
            <param type="float4x4"/>
          </accessor>
        </technique_common>
      </source>
      <source id="mixamorig_Spine1-Interpolations">
        <Name_array id="mixamorig_Spine1-Interpolations-array" count="66">
 LINEAR LINEAR LINEAR LINEAR LINEAR LINEAR LINEAR LINEAR LINEAR LINEAR LINEAR
LINEAR LINEAR LINEAR LINEAR LINEAR LINEAR LINEAR LINEAR LINEAR LINEAR LINEAR LINEAR
LINEAR LINEAR LINEAR LINEAR LINEAR LINEAR LINEAR LINEAR LINEAR LINEAR LINEAR LINEAR
LINEAR LINEAR LINEAR LINEAR LINEAR LINEAR LINEAR LINEAR LINEAR LINEAR LINEAR LINEAR
LINEAR LINEAR LINEAR LINEAR LINEAR LINEAR LINEAR LINEAR LINEAR LINEAR LINEAR LINEAR
LINEAR LINEAR LINEAR LINEAR LINEAR LINEAR LINEAR</Name_array>
        <technique_common>
          <accessor source="#mixamorig_Spine1-Interpolations-array" count="66">
            <param type="name"/>
          </accessor>
        </technique_common>
      </source>
      <sampler id="mixamorig_Spine1-Matrix-animation-transform">
        <input semantic="INPUT" source="#mixamorig_Spine1-Matrix-animation-input"/>
        <input semantic="OUTPUT" source="#mixamorig_Spine1-Matrix-animation-output-transform"/>
        <input semantic="INTERPOLATION" source="#mixamorig_Spine1-Interpolations"/>
      </sampler>
      <channel source="#mixamorig_Spine1-Matrix-animation-transform" target="mixamorig_Spine1/matrix"/>
    </animation>
    <animation id="mixamorig_Spine2-anim" name="mixamorig_Spine2">
      <source id="mixamorig_Spine2-Matrix-animation-input">
        <float_array id="mixamorig_Spine2-Matrix-animation-input-array" count="66">

0.000000 0.033333 0.066667 0.100000 0.133333 0.166667 0.200000 0.233333 0.266667 0.300000 0.333333 0.366667 0.400000 0.433333 0.466667 0.500000
0.533333 0.566667 0.600000 0.633333 0.666667 0.700000 0.733333 0.766667 0.800000 0.833333 0.866667 0.900000 0.933333 0.966667 1.000000 1.033333
1.066667 1.100000 1.133333 1.166667 1.200000 1.233333 1.266667 1.300000 1.333333 1.366667 1.400000 1.433333 1.466667 1.500000 1.533333 1.566667
1.600000 1.633333 1.666667 1.700000 1.733333 1.766667 1.800000 1.833333 1.866667 1.900000 1.933333 1.966667 2.000000 2.033333 2.066667 2.100000
2.133333 2.166667</float_array>
        <technique_common>
          <accessor source="#mixamorig_Spine2-Matrix-animation-input-array" count="66">
            <param name="TIME" type="float"/>
          </accessor>
        </technique_common>
      </source>
      <source id="mixamorig_Spine2-Matrix-animation-output-transform">
        <float_array id="mixamorig_Spine2-Matrix-animation-output-transform-array" count="1056">

0.999493 -0.020819 0.024079 -0.000000 0.020894 0.999778 -0.002878 13.753100 -0.024013 0.003380 0.999706 0.000000 0.000000 0.000000 0.000000 1.000000
0.999498 -0.020755 0.023930 0.000000 0.020836 0.999778 -0.003156 13.753100 -0.023860 0.003653 0.999709 -0.000000 0.000000 0.000000 0.000000 1.000000
0.999508 -0.020530 0.023732 0.000000 0.020612 0.999782 -0.003242 13.753100 -0.023660 0.003729 0.999713 0.000000 0.000000 0.000000 0.000000 1.000000
