<?xml version="1.0" encoding="utf-8"?>
<COLLADA xmlns="http://www.collada.org/2005/11/COLLADASchema" version="1.4.1">
  <asset>
    <contributor>
      <author>Mixamo</author>
      <authoring_tool>COLLADA Mixamo exporter</authoring_tool>
      <comments/>
    </contributor>
    <created>2024-12-16T09:34:52Z</created>
    <modified>2024-12-16T09:34:52Z</modified>
    <revision/>
    <title/>
    <unit meter="0.010000"/>
    <up_axis>Y_UP</up_axis>
  </asset>
  <library_animations>
    <animation id="mixamorig_Hips-anim" name="mixamorig_Hips">
      <source id="mixamorig_Hips-Matrix-animation-input">
        <float_array id="mixamorig_Hips-Matrix-animation-input-array" count="94">

0.000000 0.033333 0.066667 0.100000 0.133333 0.166667 0.200000 0.233333 0.266667 0.300000 0.333333 0.366667 0.400000 0.433333 0.466667 0.500000
0.533333 0.566667 0.600000 0.633333 0.666667 0.700000 0.733333 0.766667 0.800000 0.833333 0.866667 0.900000 0.933333 0.966667 1.000000 1.033333
1.066667 1.100000 1.133333 1.166667 1.200000 1.233333 1.266667 1.300000 1.333333 1.366667 1.400000 1.433333 1.466667 1.500000 1.533333 1.566667
1.600000 1.633333 1.666667 1.700000 1.733333 1.766667 1.800000 1.833333 1.866667 1.900000 1.933333 1.966667 2.000000 2.033333 2.066667 2.100000
2.133333 2.166667 2.200000 2.233333 2.266667 2.300000 2.333333 2.366667 2.400000 2.433333 2.466667 2.500000 2.533333 2.566667 2.600000 2.633333
2.666667 2.700000 2.733333 2.766667 2.800000 2.833333 2.866667 2.900000 2.933333 2.966667 3.000000 3.033333 3.066667 3.100000</float_array>
        <technique_common>
          <accessor source="#mixamorig_Hips-Matrix-animation-input-array" count="94">
            <param name="TIME" type="float"/>
          </accessor>
        </technique_common>
      </source>
      <source id="mixamorig_Hips-Matrix-animation-output-transform">
        <float_array id="mixamorig_Hips-Matrix-animation-output-transform-array" count="1504">

0.766897 0.125793 -0.629321 -0.273699 0.025768 0.973776 0.226046 94.261070 0.641253 -0.189571 0.743544 0.039450 0.000000 0.000000 0.000000 1.000000
0.766916 0.125795 -0.629297 -0.266216 0.025762 0.973775 0.226050 94.257225 0.641230 -0.189573 0.743563 0.029368 0.000000 0.000000 0.000000 1.000000
0.766968 0.125754 -0.629242 -0.259085 0.025806 0.973771 0.226062 94.254219 0.641166 -0.189620 0.743607 0.017840 0.000000 0.000000 0.000000 1.000000
0.767046 0.125695 -0.629159 -0.252150 0.025869 0.973765 0.226080 94.251366 0.641070 -0.189689 0.743671 0.005367 0.000000 0.000000 0.000000 1.000000
0.767142 0.125622 -0.629057 -0.245495 0.025949 0.973758 0.226103 94.249199 0.640952 -0.189777 0.743751 -0.007822 0.000000 0.000000 0.000000 1.000000
0.767250 0.125536 -0.628943 -0.239115 0.026046 0.973748 0.226132 94.247826 0.640819 -0.189881 0.743838 -0.021560 0.000000 0.000000 0.000000 1.000000
0.767362 0.125442 -0.628825 -0.233002 0.026155 0.973738 0.226166 94.247070 0.640681 -0.189998 0.743928 -0.035620 0.000000 0.000000 0.000000 1.000000
0.767470 0.125343 -0.628712 -0.227121 0.026277 0.973726 0.226203 94.247574 0.640546 -0.190125 0.744012 -0.049832 0.000000 0.000000 0.000000 1.000000
0.767569 0.125244 -0.628611 -0.222126 0.026404 0.973713 0.226243 94.249092 0.640423 -0.190255 0.744085 -0.063954 0.000000 0.000000 0.000000 1.000000
0.767650 0.125142 -0.628532 -0.218447 0.026543 0.973699 0.226285 94.251236 0.640319 -0.190391 0.744139 -0.077922 0.000000 0.000000 0.000000 1.000000
0.767707 0.125048 -0.628482 -0.216085 0.026685 0.973685 0.226328 94.254173 0.640245 -0.190525 0.744168 -0.091436 0.000000 0.000000 0.000000 1.000000
0.767732 0.124956 -0.628470 -0.214772 0.026835 0.973671 0.226372 94.257698 0.640209 -0.190659 0.744165 -0.104401 0.000000 0.000000 0.000000 1.000000
0.767705 0.124877 -0.628519 -0.214185 0.026991 0.973656 0.226418 94.261444 0.640235 -0.190786 0.744110 -0.116604 0.000000 0.000000 0.000000 1.000000
0.767657 0.124801 -0.628591 -0.214119 0.027147 0.973642 0.226460 94.265533 0.640285 -0.190908 0.744036 -0.127805 0.000000 0.000000 0.000000 1.000000
0.767627 0.124716 -0.628645 -0.214342 0.027302 0.973630 0.226495 94.269791 0.640315 -0.191027 0.743979 -0.137844 0.000000 0.000000 0.000000 1.000000
0.767549 0.124643 -0.628755 -0.214528 0.027463 0.973616 0.226534 94.274185 0.640402 -0.191143 0.743875 -0.146628 0.000000 0.000000 0.000000 1.000000
0.767465 0.124574 -0.628871 -0.214434 0.027613 0.973605 0.226562 94.278740 0.640495 -0.191244 0.743768 -0.153796 0.000000 0.000000 0.000000 1.000000
0.767503 0.124461 -0.628847 -0.214901 0.027754 0.973600 0.226568 94.283524 0.640444 -0.191344 0.743787 -0.159276 0.000000 0.000000 0.000000 1.000000
0.767516 0.124350 -0.628853 -0.216081 0.027896 0.973596 0.226566 94.286278 0.640422 -0.191436 0.743782 -0.163882 0.000000 0.000000 0.000000 1.000000
0.767491 0.124247 -0.628905 -0.218071 0.028038 0.973594 0.226560 94.288452 0.640447 -0.191516 0.743740 -0.167669 0.000000 0.000000 0.000000 1.000000
0.767500 0.124133 -0.628916 -0.221004 0.028170 0.973594 0.226541 94.291634 0.640430 -0.191587 0.743736 -0.170469 0.000000 0.000000 0.000000 1.000000
0.767512 0.124015 -0.628924 -0.224921 0.028298 0.973597 0.226514 94.295441 0.640409 -0.191650 0.743738 -0.172322 0.000000 0.000000 0.000000 1.000000
0.767481 0.123913 -0.628982 -0.229749 0.028422 0.973600 0.226485 94.299446 0.640441 -0.191700 0.743698 -0.173182 0.000000 0.000000 0.000000 1.000000
0.767364 0.123838 -0.629139 -0.234935 0.028549 0.973601 0.226462 94.303154 0.640576 -0.191740 0.743571 -0.173106 0.000000 0.000000 0.000000 1.000000
0.767289 0.123749 -0.629249 -0.240578 0.028674 0.973604 0.226434 94.307297 0.640660 -0.191783 0.743487 -0.172032 0.000000 0.000000 0.000000 1.000000
0.767314 0.123628 -0.629242 -0.246861 0.028792 0.973610 0.226396 94.311996 0.640624 -0.191834 0.743505 -0.169919 0.000000 0.000000 0.000000 1.000000
0.767392 0.123460 -0.629179 -0.253819 0.028931 0.973620 0.226333 94.316963 0.640525 -0.191889 0.743577 -0.167135 0.000000 0.000000 0.000000 1.000000
0.767437 0.123298 -0.629157 -0.261189 0.029078 0.973630 0.226274 94.322121 0.640465 -0.191945 0.743614 -0.163867 0.000000 0.000000 0.000000 1.000000
0.767527 0.123123 -0.629081 -0.268905 0.029217 0.973641 0.226207 94.327515 0.640350 -0.192000 0.743699 -0.159991 0.000000 0.000000 0.000000 1.000000
0.767730 0.122910 -0.628875 -0.276893 0.029348 0.973656 0.226124 94.333145 0.640101 -0.192058 0.743898 -0.155519 0.000000 0.000000 0.000000 1.000000
0.767864 0.122715 -0.628749 -0.284963 0.029484 0.973671 0.226042 94.338928 0.639934 -0.192108 0.744029 -0.150611 0.000000 0.000000 0.000000 1.000000
0.767853 0.122570 -0.628791 -0.292976 0.029622 0.973683 0.225972 94.344757 0.639941 -0.192139 0.744015 -0.145247 0.000000 0.000000 0.000000 1.000000
0.767822 0.122430 -0.628856 -0.300896 0.029758 0.973696 0.225900 94.350822 0.639972 -0.192164 0.743982 -0.139445 0.000000 0.000000 0.000000 1.000000
0.767764 0.122308 -0.628951 -0.308544 0.029882 0.973709 0.225828 94.357002 0.640036 -0.192177 0.743924 -0.133147 0.000000 0.000000 0.000000 1.000000
0.767648 0.122206 -0.629112 -0.316108 0.030007 0.973720 0.225761 94.363068 0.640169 -0.192183 0.743808 -0.126533 0.000000 0.000000 0.000000 1.000000
0.767506 0.122114 -0.629303 -0.323788 0.030130 0.973732 0.225697 94.369354 0.640333 -0.192185 0.743666 -0.119595 0.000000 0.000000 0.000000 1.000000
0.767448 0.121997 -0.629396 -0.331678 0.030245 0.973745 0.225621 94.375946 0.640397 -0.192189 0.743610 -0.112318 0.000000 0.000000 0.000000 1.000000
0.767334 0.121902 -0.629555 -0.339633 0.030355 0.973759 0.225549 94.383301 0.640529 -0.192182 0.743497 -0.104790 0.000000 0.000000 0.000000 1.000000
0.767350 0.121777 -0.629559 -0.347686 0.030437 0.973777 0.225458 94.391068 0.640506 -0.192167 0.743522 -0.096817 0.000000 0.000000 0.000000 1.000000
0.767390 0.121650 -0.629534 -0.355629 0.030482 0.973805 0.225334 94.398697 0.640455 -0.192108 0.743580 -0.088405 0.000000 0.000000 0.000000 1.000000
0.767365 0.121559 -0.629583 -0.363215 0.030496 0.973836 0.225197 94.405746 0.640485 -0.192008 0.743580 -0.079642 0.000000 0.000000 0.000000 1.000000
0.767456 0.121444 -0.629493 -0.370710 0.030479 0.973872 0.225042 94.412621 0.640376 -0.191897 0.743703 -0.070579 0.000000 0.000000 0.000000 1.000000
0.767529 0.121354 -0.629422 -0.377596 0.030434 0.973910 0.224884 94.419411 0.640291 -0.191761 0.743811 -0.061253 0.000000 0.000000 0.000000 1.000000
0.767601 0.121277 -0.629349 -0.384358 0.030352 0.973955 0.224702 94.425880 0.640209 -0.191583 0.743928 -0.051718 0.000000 0.000000 0.000000 1.000000
0.767594 0.121245 -0.629364 -0.390646 0.030225 0.974005 0.224502 94.431747 0.640224 -0.191349 0.743975 -0.041840 0.000000 0.000000 0.000000 1.000000
0.767528 0.121252 -0.629443 -0.396624 0.030060 0.974058 0.224292 94.436981 0.640310 -0.191071 0.743973 -0.031725 0.000000 0.000000 0.000000 1.000000
0.767403 0.121297 -0.629587 -0.402138 0.029869 0.974113 0.224081 94.441193 0.640470 -0.190766 0.743913 -0.021534 0.000000 0.000000 0.000000 1.000000
0.767334 0.121338 -0.629663 -0.407289 0.029656 0.974169 0.223866 94.443886 0.640561 -0.190453 0.743915 -0.011379 0.000000 0.000000 0.000000 1.000000
0.767224 0.121414 -0.629782 -0.411621 0.029434 0.974219 0.223676 94.444977 0.640703 -0.190147 0.743871 -0.001836 0.000000 0.000000 0.000000 1.000000
0.767048 0.121537 -0.629974 -0.415473 0.029195 0.974265 0.223507 94.445099 0.640926 -0.189833 0.743759 0.007606 0.000000 0.000000 0.000000 1.000000
0.766909 0.121665 -0.630118 -0.418702 0.028942 0.974309 0.223347 94.445641 0.641103 -0.189524 0.743685 0.016912 0.000000 0.000000 0.000000 1.000000
0.766816 0.121801 -0.630204 -0.421724 0.028666 0.974352 0.223195 94.447556 0.641227 -0.189215 0.743657 0.026177 0.000000 0.000000 0.000000 1.000000
0.766786 0.121940 -0.630214 -0.423333 0.028375 0.974392 0.223060 94.450027 0.641275 -0.188922 0.743690 0.035315 0.000000 0.000000 0.000000 1.000000
0.766748 0.122093 -0.630230 -0.424669 0.028095 0.974424 0.222954 94.451912 0.641333 -0.188656 0.743708 0.044055 0.000000 0.000000 0.000000 1.000000
0.766716 0.122255 -0.630238 -0.425689 0.027831 0.974448 0.222882 94.452377 0.641383 -0.188427 0.743723 0.052322 0.000000 0.000000 0.000000 1.000000
0.766793 0.122391 -0.630118 -0.426481 0.027579 0.974465 0.222838 94.451012 0.641302 -0.188249 0.743838 0.060146 0.000000 0.000000 0.000000 1.000000
0.766841 0.122543 -0.630031 -0.426934 0.027355 0.974473 0.222833 94.448349 0.641255 -0.188112 0.743913 0.067416 0.000000 0.000000 0.000000 1.000000
0.766862 0.122706 -0.629972 -0.427068 0.027140 0.974476 0.222846 94.445160 0.641237 -0.187989 0.743959 0.074300 0.000000 0.000000 0.000000 1.000000
0.766921 0.122860 -0.629871 -0.426906 0.026925 0.974478 0.222862 94.441872 0.641177 -0.187877 0.744039 0.080610 0.000000 0.000000 0.000000 1.000000
0.766901 0.123043 -0.629860 -0.426314 0.026712 0.974478 0.222888 94.439140 0.641209 -0.187758 0.744041 0.085837 0.000000 0.000000 0.000000 1.000000
0.766953 0.123201 -0.629765 -0.425582 0.026493 0.974481 0.222903 94.437103 0.641156 -0.187641 0.744117 0.089246 0.000000 0.000000 0.000000 1.000000
0.767063 0.123338 -0.629605 -0.424720 0.026277 0.974484 0.222913 94.435150 0.641033 -0.187533 0.744250 0.091463 0.000000 0.000000 0.000000 1.000000
0.767060 0.123505 -0.629575 -0.423626 0.026076 0.974484 0.222937 94.432426 0.641045 -0.187423 0.744267 0.093307 0.000000 0.000000 0.000000 1.000000
0.767037 0.123673 -0.629571 -0.422435 0.025884 0.974483 0.222964 94.428246 0.641081 -0.187318 0.744263 0.095024 0.000000 0.000000 0.000000 1.000000
0.767057 0.123824 -0.629517 -0.421070 0.025697 0.974482 0.222989 94.422218 0.641064 -0.187222 0.744301 0.096347 0.000000 0.000000 0.000000 1.000000
0.767036 0.123951 -0.629517 -0.419717 0.025547 0.974483 0.223003 94.414948 0.641095 -0.187134 0.744297 0.097234 0.000000 0.000000 0.000000 1.000000
0.766963 0.124086 -0.629580 -0.418070 0.025410 0.974483 0.223019 94.406570 0.641188 -0.187045 0.744239 0.098353 0.000000 0.000000 0.000000 1.000000
0.766911 0.124214 -0.629618 -0.415951 0.025280 0.974481 0.223042 94.398163 0.641256 -0.186970 0.744200 0.099773 0.000000 0.000000 0.000000 1.000000
0.766841 0.124343 -0.629677 -0.413489 0.025174 0.974473 0.223088 94.390533 0.641343 -0.186925 0.744136 0.100862 0.000000 0.000000 0.000000 1.000000
0.766753 0.124473 -0.629760 -0.410619 0.025091 0.974460 0.223153 94.384575 0.641452 -0.186904 0.744047 0.101640 0.000000 0.000000 0.000000 1.000000
0.766662 0.124604 -0.629844 -0.407171 0.025018 0.974445 0.223229 94.379921 0.641563 -0.186899 0.743953 0.102381 0.000000 0.000000 0.000000 1.000000
0.766587 0.124726 -0.629911 -0.403296 0.024958 0.974426 0.223317 94.375389 0.641655 -0.186913 0.743870 0.103012 0.000000 0.000000 0.000000 1.000000
0.766481 0.124858 -0.630014 -0.399098 0.024908 0.974406 0.223413 94.369820 0.641784 -0.186934 0.743753 0.103569 0.000000 0.000000 0.000000 1.000000
0.766374 0.124987 -0.630118 -0.394839 0.024870 0.974382 0.223521 94.363258 0.641913 -0.186972 0.743633 0.103987 0.000000 0.000000 0.000000 1.000000
0.766324 0.125094 -0.630157 -0.390628 0.024844 0.974357 0.223633 94.356125 0.641973 -0.187031 0.743566 0.104229 0.000000 0.000000 0.000000 1.000000
0.766284 0.125193 -0.630186 -0.386475 0.024829 0.974330 0.223751 94.349182 0.642022 -0.187104 0.743506 0.104291 0.000000 0.000000 0.000000 1.000000
0.766308 0.125264 -0.630143 -0.382511 0.024823 0.974304 0.223865 94.342590 0.641993 -0.187192 0.743508 0.104113 0.000000 0.000000 0.000000 1.000000
0.766322 0.125334 -0.630112 -0.378696 0.024827 0.974276 0.223984 94.336594 0.641977 -0.187288 0.743498 0.103733 0.000000 0.000000 0.000000 1.000000
0.766360 0.125382 -0.630057 -0.375177 0.024848 0.974250 0.224099 94.331047 0.641931 -0.187396 0.743510 0.103092 0.000000 0.000000 0.000000 1.000000
0.766401 0.125427 -0.629998 -0.371775 0.024871 0.974222 0.224215 94.326370 0.641881 -0.187507 0.743525 0.102261 0.000000 0.000000 0.000000 1.000000
0.766444 0.125471 -0.629936 -0.367947 0.024896 0.974195 0.224333 94.322128 0.641828 -0.187622 0.743542 0.101144 0.000000 0.000000 0.000000 1.000000
0.766490 0.125515 -0.629872 -0.362505 0.024925 0.974166 0.224454 94.317688 0.641773 -0.187741 0.743560 0.099724 0.000000 0.000000 0.000000 1.000000
0.766537 0.125557 -0.629807 -0.356810 0.024957 0.974137 0.224576 94.312790 0.641716 -0.187864 0.743578 0.097992 0.000000 0.000000 0.000000 1.000000
0.766584 0.125597 -0.629742 -0.350853 0.024992 0.974107 0.224700 94.307434 0.641658 -0.187990 0.743596 0.095920 0.000000 0.000000 0.000000 1.000000
0.766630 0.125633 -0.629678 -0.344671 0.025033 0.974078 0.224825 94.302307 0.641601 -0.188120 0.743612 0.093429 0.000000 0.000000 0.000000 1.000000
0.766676 0.125668 -0.629615 -0.338261 0.025076 0.974048 0.224950 94.297890 0.641544 -0.188252 0.743628 0.089923 0.000000 0.000000 0.000000 1.000000
0.766719 0.125700 -0.629556 -0.331681 0.025124 0.974017 0.225075 94.293732 0.641491 -0.188387 0.743640 0.085564 0.000000 0.000000 0.000000 1.000000
0.766760 0.125731 -0.629501 -0.324917 0.025174 0.973987 0.225199 94.289566 0.641440 -0.188521 0.743649 0.080839 0.000000 0.000000 0.000000 1.000000
0.766797 0.125760 -0.629450 -0.318018 0.025227 0.973957 0.225323 94.285561 0.641394 -0.188656 0.743655 0.075827 0.000000 0.000000 0.000000 1.000000
0.766829 0.125781 -0.629406 -0.311052 0.025292 0.973928 0.225445 94.281631 0.641353 -0.188797 0.743655 0.070525 0.000000 0.000000 0.000000 1.000000
0.766856 0.125799 -0.629370 -0.304000 0.025361 0.973898 0.225564 94.277664 0.641318 -0.188937 0.743649 0.065118 0.000000 0.000000 0.000000 1.000000
0.766877 0.125814 -0.629341 -0.297450 0.025434 0.973869 0.225681 94.273796 0.641290 -0.189076 0.743638 0.060248 0.000000 0.000000 0.000000 1.000000
0.766891 0.125822 -0.629323 -0.288276 0.025516 0.973840 0.225796 94.269783 0.641270 -0.189219 0.743619 0.052736 0.000000 0.000000 0.000000 1.000000
0.766897 0.125819 -0.629316 -0.273723 0.025614 0.973812 0.225907 94.265816 0.641259 -0.189367 0.743591 0.039759 0.000000 0.000000 0.000000 1.000000</float_array>
        <technique_common>
          <accessor source="#mixamorig_Hips-Matrix-animation-output-transform-array" count="94" stride="16">
            <param type="float4x4"/>
          </accessor>
        </technique_common>
      </source>
      <source id="mixamorig_Hips-Interpolations">
        <Name_array id="mixamorig_Hips-Interpolations-array" count="94">
 LINEAR LINEAR LINEAR LINEAR LINEAR LINEAR LINEAR LINEAR LINEAR LINEAR LINEAR
LINEAR LINEAR LINEAR LINEAR LINEAR LINEAR LINEAR LINEAR LINEAR LINEAR LINEAR LINEAR
LINEAR LINEAR LINEAR LINEAR LINEAR LINEAR LINEAR LINEAR LINEAR LINEAR LINEAR LINEAR
LINEAR LINEAR LINEAR LINEAR LINEAR LINEAR LINEAR LINEAR LINEAR LINEAR LINEAR LINEAR
LINEAR LINEAR LINEAR LINEAR LINEAR LINEAR LINEAR LINEAR LINEAR LINEAR LINEAR LINEAR
LINEAR LINEAR LINEAR LINEAR LINEAR LINEAR LINEAR LINEAR LINEAR LINEAR LINEAR LINEAR
LINEAR LINEAR LINEAR LINEAR LINEAR LINEAR LINEAR LINEAR LINEAR LINEAR LINEAR LINEAR
LINEAR LINEAR LINEAR LINEAR LINEAR LINEAR LINEAR LINEAR LINEAR LINEAR LINEAR</Name_array>
        <technique_common>
          <accessor source="#mixamorig_Hips-Interpolations-array" count="94">
            <param type="name"/>
          </accessor>
        </technique_common>
      </source>
      <sampler id="mixamorig_Hips-Matrix-animation-transform">
        <input semantic="INPUT" source="#mixamorig_Hips-Matrix-animation-input"/>
        <input semantic="OUTPUT" source="#mixamorig_Hips-Matrix-animation-output-transform"/>
        <input semantic="INTERPOLATION" source="#mixamorig_Hips-Interpolations"/>
      </sampler>
      <channel source="#mixamorig_Hips-Matrix-animation-transform" target="mixamorig_Hips/matrix"/>
    </animation>
    <animation id="mixamorig_Spine-anim" name="mixamorig_Spine">
      <source id="mixamorig_Spine-Matrix-animation-input">
        <float_array id="mixamorig_Spine-Matrix-animation-input-array" count="94">

0.000000 0.033333 0.066667 0.100000 0.133333 0.166667 0.200000 0.233333 0.266667 0.300000 0.333333 0.366667 0.400000 0.433333 0.466667 0.500000
0.533333 0.566667 0.600000 0.633333 0.666667 0.700000 0.733333 0.766667 0.800000 0.833333 0.866667 0.900000 0.933333 0.966667 1.000000 1.033333
1.066667 1.100000 1.133333 1.166667 1.200000 1.233333 1.266667 1.300000 1.333333 1.366667 1.400000 1.433333 1.466667 1.500000 1.533333 1.566667
1.600000 1.633333 1.666667 1.700000 1.733333 1.766667 1.800000 1.833333 1.866667 1.900000 1.933333 1.966667 2.000000 2.033333 2.066667 2.100000
2.133333 2.166667 2.200000 2.233333 2.266667 2.300000 2.333333 2.366667 2.400000 2.433333 2.466667 2.500000 2.533333 2.566667 2.600000 2.633333
2.666667 2.700000 2.733333 2.766667 2.800000 2.833333 2.866667 2.900000 2.933333 2.966667 3.000000 3.033333 3.066667 3.100000</float_array>
        <technique_common>
          <accessor source="#mixamorig_Spine-Matrix-animation-input-array" count="94">
            <param name="TIME" type="float"/>
          </accessor>
        </technique_common>
      </source>
      <source id="mixamorig_Spine-Matrix-animation-output-transform">
        <float_array id="mixamorig_Spine-Matrix-animation-output-transform-array" count="1504">

0.999992 0.003966 -0.000341 -0.000000 -0.003973 0.999689 -0.024609 10.246800 0.000244 0.024610 0.999697 -1.182900 0.000000 0.000000 0.000000 1.000000
0.999993 0.003760 -0.000372 -0.000000 -0.003768 0.999693 -0.024496 10.246800 0.000280 0.024497 0.999700 -1.182900 0.000000 0.000000 0.000000 1.000000
0.999994 0.003582 -0.000413 0.000000 -0.003591 0.999697 -0.024337 10.246800 0.000325 0.024338 0.999704 -1.182900 0.000000 0.000000 0.000000 1.000000
0.999994 0.003402 -0.000455 -0.000000 -0.003412 0.999703 -0.024124 10.246800 0.000373 0.024126 0.999709 -1.182900 0.000000 0.000000 0.000000 1.000000
0.999995 0.003238 -0.000515 0.000000 -0.003250 0.999710 -0.023853 10.246800 0.000438 0.023854 0.999715 -1.182900 0.000000 0.000000 0.000000 1.000000
0.999995 0.003095 -0.000611 0.000000 -0.003109 0.999719 -0.023513 10.246800 0.000538 0.023515 0.999723 -1.182900 0.000000 0.000000 0.000000 1.000000
0.999995 0.002951 -0.000730 0.000000 -0.002967 0.999729 -0.023075 10.246800 0.000661 0.023077 0.999733 -1.182900 0.000000 0.000000 0.000000 1.000000
0.999996 0.002810 -0.000849 0.000000 -0.002828 0.999741 -0.022597 10.246800 0.000786 0.022599 0.999744 -1.182900 0.000000 0.000000 0.000000 1.000000
0.999996 0.002656 -0.000955 -0.000000 -0.002676 0.999752 -0.022108 10.246800 0.000896 0.022111 0.999755 -1.182900 0.000000 0.000000 0.000000 1.000000
0.999996 0.002484 -0.001021 -0.000000 -0.002506 0.999763 -0.021620 10.246800 0.000967 0.021622 0.999766 -1.182900 0.000000 0.000000 0.000000 1.000000
0.999997 0.002302 -0.001065 0.000000 -0.002324 0.999774 -0.021136 10.246800 0.001017 0.021138 0.999776 -1.182900 0.000000 0.000000 0.000000 1.000000
0.999997 0.002118 -0.001100 0.000000 -0.002140 0.999785 -0.020620 10.246800 0.001056 0.020622 0.999787 -1.182900 0.000000 0.000000 0.000000 1.000000
0.999998 0.001927 -0.001126 0.000000 -0.001949 0.999797 -0.020058 10.246800 0.001088 0.020060 0.999798 -1.182900 0.000000 0.000000 0.000000 1.000000
0.999998 0.001727 -0.001146 -0.000000 -0.001749 0.999809 -0.019453 10.246800 0.001112 0.019455 0.999810 -1.182900 0.000000 0.000000 0.000000 1.000000
0.999998 0.001516 -0.001158 0.000000 -0.001537 0.999822 -0.018798 10.246800 0.001129 0.018800 0.999823 -1.182900 0.000000 0.000000 0.000000 1.000000
0.999998 0.001293 -0.001163 0.000000 -0.001314 0.999836 -0.018087 10.246800 0.001139 0.018088 0.999836 -1.182900 0.000000 0.000000 0.000000 1.000000
0.999999 0.001040 -0.001165 0.000000 -0.001060 0.999850 -0.017306 10.246800 0.001147 0.017307 0.999850 -1.182900 0.000000 0.000000 0.000000 1.000000
0.999999 0.000756 -0.001130 0.000000 -0.000774 0.999864 -0.016454 10.246800 0.001117 0.016455 0.999864 -1.182900 0.000000 0.000000 0.000000 1.000000
0.999999 0.000483 -0.001084 0.000000 -0.000499 0.999879 -0.015544 10.246800 0.001077 0.015545 0.999879 -1.182900 0.000000 0.000000 0.000000 1.000000
0.999999 0.000221 -0.001038 0.000000 -0.000236 0.999894 -0.014578 10.246800 0.001035 0.014579 0.999893 -1.182900 0.000000 0.000000 0.000000 1.000000
0.999999 -0.000032 -0.001002 -0.000000 0.000018 0.999908 -0.013563 10.246800 0.001002 0.013563 0.999908 -1.182900 0.000000 0.000000 0.000000 1.000000
0.999999 -0.000260 -0.000974 -0.000000 0.000248 0.999922 -0.012508 10.246800 0.000977 0.012508 0.999921 -1.182900 0.000000 0.000000 0.000000 1.000000
0.999999 -0.000479 -0.000953 0.000000 0.000468 0.999935 -0.011424 10.246800 0.000959 0.011424 0.999934 -1.182900 0.000000 0.000000 0.000000 1.000000
0.999999 -0.000689 -0.000935 0.000000 0.000679 0.999946 -0.010332 10.246800 0.000942 0.010332 0.999946 -1.182900 0.000000 0.000000 0.000000 1.000000
0.999999 -0.000891 -0.000916 -0.000000 0.000882 0.999957 -0.009242 10.246800 0.000924 0.009241 0.999957 -1.182900 0.000000 0.000000 0.000000 1.000000
0.999999 -0.001090 -0.000895 0.000000 0.001083 0.999966 -0.008151 10.246800 0.000904 0.008150 0.999966 -1.182900 0.000000 0.000000 0.000000 1.000000
0.999999 -0.001286 -0.000873 0.000000 0.001279 0.999974 -0.007051 10.246800 0.000882 0.007050 0.999975 -1.182900 0.000000 0.000000 0.000000 1.000000
0.999999 -0.001468 -0.000856 0.000000 0.001463 0.999981 -0.005950 10.246800 0.000864 0.005948 0.999982 -1.182900 0.000000 0.000000 0.000000 1.000000
0.999998 -0.001646 -0.000853 -0.000000 0.001642 0.999987 -0.004853 10.246800 0.000861 0.004851 0.999988 -1.182900 0.000000 0.000000 0.000000 1.000000
0.999998 -0.001821 -0.000856 0.000000 0.001818 0.999991 -0.003765 10.246800 0.000863 0.003764 0.999993 -1.182900 0.000000 0.000000 0.000000 1.000000
0.999998 -0.001986 -0.000861 0.000000 0.001984 0.999994 -0.002691 10.246800 0.000866 0.002689 0.999996 -1.182900 0.000000 0.000000 0.000000 1.000000
0.999997 -0.002147 -0.000867 -0.000000 0.002145 0.999996 -0.001634 10.246800 0.000871 0.001633 0.999998 -1.182900 0.000000 0.000000 0.000000 1.000000
0.999997 -0.002300 -0.000873 0.000000 0.002299 0.999997 -0.000606 10.246800 0.000874 0.000604 0.999999 -1.182900 0.000000 0.000000 0.000000 1.000000
0.999997 -0.002455 -0.000878 -0.000000 0.002455 0.999997 0.000389 10.246800 0.000877 -0.000391 1.000000 -1.182900 0.000000 0.000000 0.000000 1.000000
0.999996 -0.002605 -0.000878 0.000000 0.002606 0.999996 0.001349 10.246800 0.000875 -0.001351 0.999999 -1.182900 0.000000 0.000000 0.000000 1.000000
0.999996 -0.002749 -0.000874 -0.000000 0.002751 0.999994 0.002270 10.246800 0.000867 -0.002272 0.999997 -1.182900 0.000000 0.000000 0.000000 1.000000
0.999995 -0.002891 -0.000862 -0.000000 0.002894 0.999991 0.003147 10.246800 0.000853 -0.003150 0.999995 -1.182900 0.000000 0.000000 0.000000 1.000000
0.999995 -0.003027 -0.000836 0.000000 0.003030 0.999988 0.003969 10.246800 0.000824 -0.003972 0.999992 -1.182900 0.000000 0.000000 0.000000 1.000000
0.999995 -0.003172 -0.000783 0.000000 0.003176 0.999984 0.004733 10.246800 0.000768 -0.004736 0.999988 -1.182900 0.000000 0.000000 0.000000 1.000000
0.999994 -0.003315 -0.000710 0.000000 0.003319 0.999980 0.005416 10.246800 0.000692 -0.005418 0.999985 -1.182900 0.000000 0.000000 0.000000 1.000000
0.999994 -0.003450 -0.000678 0.000000 0.003454 0.999976 0.005957 10.246800 0.000657 -0.005960 0.999982 -1.182900 0.000000 0.000000 0.000000 1.000000
0.999993 -0.003580 -0.000671 -0.000000 0.003584 0.999974 0.006322 10.246800 0.000648 -0.006324 0.999980 -1.182900 0.000000 0.000000 0.000000 1.000000
0.999993 -0.003707 -0.000680 0.000000 0.003711 0.999972 0.006501 10.246800 0.000656 -0.006504 0.999979 -1.182900 0.000000 0.000000 0.000000 1.000000
0.999993 -0.003800 -0.000701 0.000000 0.003804 0.999972 0.006521 10.246800 0.000676 -0.006523 0.999978 -1.182900 0.000000 0.000000 0.000000 1.000000
0.999992 -0.003869 -0.000767 0.000000 0.003873 0.999972 0.006455 10.246800 0.000742 -0.006458 0.999979 -1.182900 0.000000 0.000000 0.000000 1.000000
0.999992 -0.003911 -0.000857 0.000000 0.003917 0.999972 0.006336 10.246800 0.000832 -0.006339 0.999980 -1.182900 0.000000 0.000000 0.000000 1.000000
0.999992 -0.003927 -0.000954 0.000000 0.003932 0.999973 0.006188 10.246800 0.000929 -0.006192 0.999980 -1.182900 0.000000 0.000000 0.000000 1.000000
0.999992 -0.003919 -0.001037 0.000000 0.003925 0.999974 0.006045 10.246800 0.001013 -0.006049 0.999981 -1.182900 0.000000 0.000000 0.000000 1.000000
0.999992 -0.003878 -0.001096 0.000000 0.003885 0.999975 0.005963 10.246800 0.001072 -0.005967 0.999982 -1.182900 0.000000 0.000000 0.000000 1.000000
0.999992 -0.003831 -0.001142 -0.000000 0.003838 0.999975 0.005940 10.246800 0.001119 -0.005944 0.999982 -1.182900 0.000000 0.000000 0.000000 1.000000
0.999992 -0.003780 -0.001178 -0.000000 0.003787 0.999975 0.005963 10.246800 0.001156 -0.005967 0.999982 -1.182900 0.000000 0.000000 0.000000 1.000000
0.999992 -0.003737 -0.001199 -0.000000 0.003744 0.999975 0.006019 10.246800 0.001176 -0.006024 0.999981 -1.182900 0.000000 0.000000 0.000000 1.000000
0.999992 -0.003695 -0.001218 0.000000 0.003702 0.999975 0.006081 10.246800 0.001196 -0.006085 0.999981 -1.182900 0.000000 0.000000 0.000000 1.000000
0.999993 -0.003643 -0.001234 0.000000 0.003650 0.999975 0.006108 10.246800 0.001211 -0.006113 0.999981 -1.182900 0.000000 0.000000 0.000000 1.000000
0.999993 -0.003587 -0.001244 0.000000 0.003594 0.999975 0.006085 10.246800 0.001222 -0.006089 0.999981 -1.182900 0.000000 0.000000 0.000000 1.000000
0.999993 -0.003531 -0.001247 0.000000 0.003538 0.999976 0.005994 10.246800 0.001226 -0.005998 0.999981 -1.182900 0.000000 0.000000 0.000000 1.000000
0.999993 -0.003468 -0.001242 0.000000 0.003475 0.999977 0.005776 10.246800 0.001222 -0.005780 0.999983 -1.182900 0.000000 0.000000 0.000000 1.000000
0.999993 -0.003395 -0.001227 0.000000 0.003402 0.999980 0.005413 10.246800 0.001209 -0.005417 0.999985 -1.182900 0.000000 0.000000 0.000000 1.000000
0.999994 -0.003317 -0.001201 -0.000000 0.003323 0.999982 0.004954 10.246800 0.001185 -0.004958 0.999987 -1.182900 0.000000 0.000000 0.000000 1.000000
0.999994 -0.003234 -0.001141 -0.000000 0.003239 0.999985 0.004416 10.246800 0.001127 -0.004419 0.999990 -1.182900 0.000000 0.000000 0.000000 1.000000
0.999994 -0.003137 -0.001095 0.000000 0.003141 0.999988 0.003799 10.246800 0.001083 -0.003802 0.999992 -1.182900 0.000000 0.000000 0.000000 1.000000
0.999995 -0.003027 -0.001072 0.000000 0.003031 0.999991 0.003103 10.246800 0.001063 -0.003106 0.999995 -1.182900 0.000000 0.000000 0.000000 1.000000
0.999995 -0.002900 -0.001052 -0.000000 0.002902 0.999993 0.002345 10.246800 0.001045 -0.002348 0.999997 -1.182900 0.000000 0.000000 0.000000 1.000000
0.999996 -0.002761 -0.001031 0.000000 0.002762 0.999995 0.001525 10.246800 0.001027 -0.001528 0.999998 -1.182900 0.000000 0.000000 0.000000 1.000000
0.999996 -0.002614 -0.001003 0.000000 0.002615 0.999996 0.000640 10.246800 0.001002 -0.000643 0.999999 -1.182900 0.000000 0.000000 0.000000 1.000000
0.999997 -0.002455 -0.000956 -0.000000 0.002455 0.999997 -0.000308 10.246800 0.000956 0.000306 0.999999 -1.182900 0.000000 0.000000 0.000000 1.000000
0.999997 -0.002295 -0.000892 0.000000 0.002294 0.999997 -0.001295 10.246800 0.000895 0.001293 0.999999 -1.182900 0.000000 0.000000 0.000000 1.000000
0.999997 -0.002136 -0.000804 0.000000 0.002134 0.999995 -0.002309 10.246800 0.000809 0.002308 0.999997 -1.182900 0.000000 0.000000 0.000000 1.000000
0.999998 -0.001966 -0.000708 0.000000 0.001964 0.999992 -0.003346 10.246800 0.000714 0.003345 0.999994 -1.182900 0.000000 0.000000 0.000000 1.000000
0.999998 -0.001784 -0.000618 -0.000000 0.001781 0.999989 -0.004406 10.246800 0.000626 0.004404 0.999990 -1.182900 0.000000 0.000000 0.000000 1.000000
0.999999 -0.001591 -0.000553 0.000000 0.001588 0.999984 -0.005476 10.246800 0.000562 0.005476 0.999985 -1.182900 0.000000 0.000000 0.000000 1.000000
0.999999 -0.001359 -0.000502 -0.000000 0.001355 0.999978 -0.006561 10.246800 0.000511 0.006560 0.999978 -1.182900 0.000000 0.000000 0.000000 1.000000
0.999999 -0.001112 -0.000461 0.000000 0.001109 0.999970 -0.007660 10.246800 0.000470 0.007659 0.999971 -1.182900 0.000000 0.000000 0.000000 1.000000
1.000000 -0.000854 -0.000419 0.000000 0.000850 0.999961 -0.008772 10.246800 0.000427 0.008772 0.999961 -1.182900 0.000000 0.000000 0.000000 1.000000
1.000000 -0.000585 -0.000362 0.000000 0.000582 0.999951 -0.009891 10.246800 0.000367 0.009891 0.999951 -1.182900 0.000000 0.000000 0.000000 1.000000
1.000000 -0.000301 -0.000290 0.000000 0.000298 0.999939 -0.011020 10.246800 0.000293 0.011020 0.999939 -1.182900 0.000000 0.000000 0.000000 1.000000
1.000000 0.000008 -0.000204 0.000000 -0.000010 0.999926 -0.012148 10.246800 0.000204 0.012148 0.999926 -1.182900 0.000000 0.000000 0.000000 1.000000
1.000000 0.000339 -0.000135 -0.000000 -0.000341 0.999912 -0.013263 10.246800 0.000130 0.013263 0.999912 -1.182900 0.000000 0.000000 0.000000 1.000000
1.000000 0.000691 -0.000082 0.000000 -0.000692 0.999897 -0.014351 10.246800 0.000072 0.014351 0.999897 -1.182900 0.000000 0.000000 0.000000 1.000000
0.999999 0.001047 -0.000039 0.000000 -0.001048 0.999881 -0.015404 10.246800 0.000023 0.015404 0.999881 -1.182900 0.000000 0.000000 0.000000 1.000000
0.999999 0.001401 -0.000006 -0.000000 -0.001401 0.999864 -0.016413 10.246800 -0.000017 0.016413 0.999865 -1.182900 0.000000 0.000000 0.000000 1.000000
0.999998 0.001747 -0.000010 0.000000 -0.001747 0.999847 -0.017382 10.246800 -0.000020 0.017382 0.999849 -1.182900 0.000000 0.000000 0.000000 1.000000
0.999998 0.002027 -0.000040 0.000000 -0.002027 0.999830 -0.018304 10.246800 0.000003 0.018304 0.999832 -1.182900 0.000000 0.000000 0.000000 1.000000
0.999997 0.002274 -0.000111 0.000000 -0.002276 0.999813 -0.019185 10.246800 0.000067 0.019185 0.999816 -1.182900 0.000000 0.000000 0.000000 1.000000
0.999997 0.002504 -0.000180 0.000000 -0.002507 0.999796 -0.020022 10.246800 0.000130 0.020023 0.999800 -1.182900 0.000000 0.000000 0.000000 1.000000
0.999996 0.002710 -0.000230 -0.000000 -0.002715 0.999780 -0.020805 10.246800 0.000174 0.020805 0.999784 -1.182900 0.000000 0.000000 0.000000 1.000000
0.999996 0.002903 -0.000259 0.000000 -0.002908 0.999764 -0.021520 10.246800 0.000197 0.021520 0.999768 -1.182900 0.000000 0.000000 0.000000 1.000000
0.999995 0.003082 -0.000275 -0.000000 -0.003087 0.999749 -0.022190 10.246800 0.000207 0.022190 0.999754 -1.182900 0.000000 0.000000 0.000000 1.000000
0.999995 0.003255 -0.000282 0.000000 -0.003260 0.999734 -0.022811 10.246800 0.000208 0.022812 0.999740 -1.182900 0.000000 0.000000 0.000000 1.000000
0.999994 0.003412 -0.000291 0.000000 -0.003418 0.999722 -0.023350 10.246800 0.000211 0.023350 0.999727 -1.182900 0.000000 0.000000 0.000000 1.000000
0.999994 0.003517 -0.000303 0.000000 -0.003523 0.999711 -0.023780 10.246800 0.000219 0.023781 0.999717 -1.182900 0.000000 0.000000 0.000000 1.000000
0.999994 0.003582 -0.000308 -0.000000 -0.003588 0.999703 -0.024117 10.246800 0.000222 0.024118 0.999709 -1.182900 0.000000 0.000000 0.000000 1.000000
0.999993 0.003631 -0.000304 -0.000000 -0.003637 0.999697 -0.024357 10.246800 0.000215 0.024358 0.999703 -1.182900 0.000000 0.000000 0.000000 1.000000
0.999993 0.003683 -0.000296 0.000000 -0.003689 0.999693 -0.024511 10.246800 0.000206 0.024512 0.999700 -1.182900 0.000000 0.000000 0.000000 1.000000</float_array>
        <technique_common>
          <accessor source="#mixamorig_Spine-Matrix-animation-output-transform-array" count="94" stride="16">
            <param type="float4x4"/>
          </accessor>
        </technique_common>
      </source>
      <source id="mixamorig_Spine-Interpolations">
        <Name_array id="mixamorig_Spine-Interpolations-array" count="94">
 LINEAR LINEAR LINEAR LINEAR LINEAR LINEAR LINEAR LINEAR LINEAR LINEAR LINEAR
LINEAR LINEAR LINEAR LINEAR LINEAR LINEAR LINEAR LINEAR LINEAR LINEAR LINEAR LINEAR
LINEAR LINEAR LINEAR LINEAR LINEAR LINEAR LINEAR LINEAR LINEAR LINEAR LINEAR LINEAR
LINEAR LINEAR LINEAR LINEAR LINEAR LINEAR LINEAR LINEAR LINEAR LINEAR LINEAR LINEAR
LINEAR LINEAR LINEAR LINEAR LINEAR LINEAR LINEAR LINEAR LINEAR LINEAR LINEAR LINEAR
LINEAR LINEAR LINEAR LINEAR LINEAR LINEAR LINEAR LINEAR LINEAR LINEAR LINEAR LINEAR
LINEAR LINEAR LINEAR LINEAR LINEAR LINEAR LINEAR LINEAR LINEAR LINEAR LINEAR LINEAR
LINEAR LINEAR LINEAR LINEAR LINEAR LINEAR LINEAR LINEAR LINEAR LINEAR LINEAR</Name_array>
        <technique_common>
          <accessor source="#mixamorig_Spine-Interpolations-array" count="94">
            <param type="name"/>
          </accessor>
        </technique_common>
      </source>
      <sampler id="mixamorig_Spine-Matrix-animation-transform">
        <input semantic="INPUT" source="#mixamorig_Spine-Matrix-animation-input"/>
        <input semantic="OUTPUT" source="#mixamorig_Spine-Matrix-animation-output-transform"/>
        <input semantic="INTERPOLATION" source="#mixamorig_Spine-Interpolations"/>
      </sampler>
      <channel source="#mixamorig_Spine-Matrix-animation-transform" target="mixamorig_Spine/matrix"/>
    </animation>
    <animation id="mixamorig_Spine1-anim" name="mixamorig_Spine1">
      <source id="mixamorig_Spine1-Matrix-animation-input">
        <float_array id="mixamorig_Spine1-Matrix-animation-input-array" count="94">

0.000000 0.033333 0.066667 0.100000 0.133333 0.166667 0.200000 0.233333 0.266667 0.300000 0.333333 0.366667 0.400000 0.433333 0.466667 0.500000
0.533333 0.566667 0.600000 0.633333 0.666667 0.700000 0.733333 0.766667 0.800000 0.833333 0.866667 0.900000 0.933333 0.966667 1.000000 1.033333
1.066667 1.100000 1.133333 1.166667 1.200000 1.233333 1.266667 1.300000 1.333333 1.366667 1.400000 1.433333 1.466667 1.500000 1.533333 1.566667
1.600000 1.633333 1.666667 1.700000 1.733333 1.766667 1.800000 1.833333 1.866667 1.900000 1.933333 1.966667 2.000000 2.033333 2.066667 2.100000
2.133333 2.166667 2.200000 2.233333 2.266667 2.300000 2.333333 2.366667 2.400000 2.433333 2.466667 2.500000 2.533333 2.566667 2.600000 2.633333
2.666667 2.700000 2.733333 2.766667 2.800000 2.833333 2.866667 2.900000 2.933333 2.966667 3.000000 3.033333 3.066667 3.100000</float_array>
        <technique_common>
          <accessor source="#mixamorig_Spine1-Matrix-animation-input-array" count="94">
            <param name="TIME" type="float"/>
          </accessor>
        </technique_common>
      </source>
      <source id="mixamorig_Spine1-Matrix-animation-output-transform">
        <float_array id="mixamorig_Spine1-Matrix-animation-output-transform-array" count="1504">

0.999913 0.013194 -0.000632 -0.000000 -0.012835 0.959159 -0.282577 12.034000 -0.003123 0.282560 0.959244 0.000000 0.000000 0.000000 0.000000 1.000000
0.999913 0.013194 -0.000632 0.000000 -0.012831 0.958805 -0.283774 12.034000 -0.003139 0.283758 0.958891 -0.000000 0.000000 0.000000 0.000000 1.000000
0.999913 0.013194 -0.000632 0.000000 -0.012828 0.958506 -0.284783 12.034000 -0.003152 0.284767 0.958592 -0.000000 0.000000 0.000000 0.000000 1.000000
0.999913 0.013195 -0.000632 -0.000000 -0.012825 0.958260 -0.285612 12.034000 -0.003163 0.285595 0.958345 0.000000 0.000000 0.000000 0.000000 1.000000
0.999913 0.013183 -0.000632 0.000000 -0.012813 0.958061 -0.286279 12.034000 -0.003169 0.286262 0.958146 -0.000000 0.000000 0.000000 0.000000 1.000000
0.999913 0.013145 -0.000633 -0.000000 -0.012774 0.957895 -0.286834 12.034000 -0.003164 0.286817 0.957980 0.000000 0.000000 0.000000 0.000000 1.000000
0.999914 0.013101 -0.000634 -0.000000 -0.012730 0.957760 -0.287288 12.034000 -0.003157 0.287271 0.957844 -0.000000 0.000000 0.000000 0.000000 1.000000
0.999915 0.013050 -0.000635 0.000000 -0.012681 0.957641 -0.287686 12.034000 -0.003146 0.287669 0.957725 0.000000 0.000000 0.000000 0.000000 1.000000
0.999915 0.012994 -0.000637 0.000000 -0.012626 0.957535 -0.288040 12.034000 -0.003133 0.288023 0.957618 0.000000 0.000000 0.000000 0.000000 1.000000
0.999916 0.012932 -0.000638 0.000000 -0.012566 0.957443 -0.288349 12.034000 -0.003118 0.288333 0.957525 0.000000 0.000000 0.000000 0.000000 1.000000
0.999917 0.012865 -0.000639 0.000000 -0.012502 0.957365 -0.288610 12.034000 -0.003101 0.288594 0.957447 -0.000000 0.000000 0.000000 0.000000 1.000000
0.999918 0.012792 -0.000641 -0.000000 -0.012432 0.957306 -0.288808 12.034000 -0.003080 0.288792 0.957387 0.000000 0.000000 0.000000 0.000000 1.000000
0.999919 0.012714 -0.000628 0.000000 -0.012353 0.957267 -0.288941 12.034000 -0.003073 0.288925 0.957347 0.000000 0.000000 0.000000 0.000000 1.000000
0.999920 0.012632 -0.000610 0.000000 -0.012269 0.957245 -0.289020 12.034000 -0.003067 0.289004 0.957323 0.000000 0.000000 0.000000 0.000000 1.000000
0.999921 0.012547 -0.000593 0.000000 -0.012182 0.957241 -0.289034 12.034000 -0.003059 0.289019 0.957319 0.000000 0.000000 0.000000 0.000000 1.000000
0.999922 0.012458 -0.000574 -0.000000 -0.012092 0.957260 -0.288977 12.034000 -0.003050 0.288961 0.957336 0.000000 0.000000 0.000000 0.000000 1.000000
0.999923 0.012366 -0.000556 -0.000000 -0.011999 0.957303 -0.288837 12.034000 -0.003040 0.288821 0.957378 0.000000 0.000000 0.000000 0.000000 1.000000
0.999925 0.012271 -0.000536 0.000000 -0.011904 0.957375 -0.288602 12.034000 -0.003028 0.288586 0.957449 0.000000 0.000000 0.000000 0.000000 1.000000
0.999926 0.012174 -0.000516 0.000000 -0.011806 0.957472 -0.288284 12.034000 -0.003016 0.288269 0.957545 0.000000 0.000000 0.000000 0.000000 1.000000
0.999927 0.012076 -0.000495 -0.000000 -0.011707 0.957594 -0.287882 12.034000 -0.003002 0.287867 0.957666 0.000000 0.000000 0.000000 0.000000 1.000000
0.999928 0.011976 -0.000474 0.000000 -0.011608 0.957741 -0.287397 12.034000 -0.002988 0.287382 0.957811 0.000000 0.000000 0.000000 0.000000 1.000000
0.999929 0.011876 -0.000453 0.000000 -0.011507 0.957911 -0.286833 12.034000 -0.002972 0.286818 0.957980 0.000000 0.000000 0.000000 0.000000 1.000000
0.999931 0.011775 -0.000431 -0.000000 -0.011406 0.958107 -0.286183 12.034000 -0.002956 0.286168 0.958175 -0.000000 0.000000 0.000000 0.000000 1.000000
0.999932 0.011673 -0.000410 0.000000 -0.011305 0.958320 -0.285473 12.034000 -0.002940 0.285458 0.958387 0.000000 0.000000 0.000000 0.000000 1.000000
