<?xml version="1.0" encoding="utf-8"?>
<COLLADA xmlns="http://www.collada.org/2005/11/COLLADASchema" version="1.4.1">
  <asset>
    <contributor>
      <author>Mixamo</author>
      <authoring_tool>COLLADA Mixamo exporter</authoring_tool>
      <comments/>
    </contributor>
    <created>2024-12-16T10:46:37Z</created>
    <modified>2024-12-16T10:46:37Z</modified>
    <revision/>
    <title/>
    <unit meter="0.010000"/>
    <up_axis>Y_UP</up_axis>
  </asset>
  <library_animations>
    <animation id="mixamorig_Hips-anim" name="mixamorig_Hips">
      <source id="mixamorig_Hips-Matrix-animation-input">
        <float_array id="mixamorig_Hips-Matrix-animation-input-array" count="21">

0.000000 0.033333 0.066667 0.100000 0.133333 0.166667 0.200000 0.233333 0.266667 0.300000 0.333333 0.366667 0.400000 0.433333 0.466667 0.500000
0.533333 0.566667 0.600000 0.633333 0.666667</float_array>
        <technique_common>
          <accessor source="#mixamorig_Hips-Matrix-animation-input-array" count="21">
            <param name="TIME" type="float"/>
          </accessor>
        </technique_common>
      </source>
      <source id="mixamorig_Hips-Matrix-animation-output-transform">
        <float_array id="mixamorig_Hips-Matrix-animation-output-transform-array" count="336">

0.988099 -0.057175 -0.142799 -0.275278 -0.004525 0.917147 -0.398522 88.545616 0.153753 0.394426 0.905974 1.959975 0.000000 0.000000 0.000000 1.000000
0.990032 -0.098688 -0.100490 -0.853159 0.047459 0.905499 -0.421686 89.200378 0.132609 0.412713 0.901156 1.169645 0.000000 0.000000 0.000000 1.000000
0.989267 -0.133912 -0.058460 -1.149270 0.094835 0.892817 -0.440322 89.860535 0.111159 0.430052 0.895935 0.473232 0.000000 0.000000 0.000000 1.000000
0.988643 -0.148805 -0.021049 -1.049241 0.123390 0.883665 -0.451566 90.519119 0.085796 0.443840 0.891989 0.160204 0.000000 0.000000 0.000000 1.000000
0.989764 -0.142690 -0.002389 -0.683593 0.126910 0.887712 -0.442563 90.995514 0.065270 0.437730 0.896734 0.328232 0.000000 0.000000 0.000000 1.000000
0.990327 -0.138739 -0.002041 -0.266501 0.125534 0.902140 -0.412776 91.129196 0.059110 0.408527 0.910830 0.132066 0.000000 0.000000 0.000000 1.000000
0.989634 -0.143544 0.004415 0.116594 0.133607 0.908982 -0.394842 90.468994 0.052664 0.391339 0.918738 -1.113810 0.000000 0.000000 0.000000 1.000000
0.988861 -0.148324 0.012405 0.463756 0.141653 0.912242 -0.384382 89.438744 0.045696 0.381857 0.923091 -2.654328 0.000000 0.000000 0.000000 1.000000
0.990788 -0.134755 0.013408 0.862436 0.129491 0.913775 -0.385030 88.604668 0.039633 0.383219 0.922807 -3.846386 0.000000 0.000000 0.000000 1.000000
0.994943 -0.100362 0.004084 1.342205 0.093982 0.915805 -0.390472 88.401787 0.035449 0.388881 0.920606 -4.346338 0.000000 0.000000 0.000000 1.000000
0.998174 -0.059136 -0.012309 1.822937 0.049440 0.916928 -0.395978 88.616020 0.034703 0.394646 0.918178 -4.466241 0.000000 0.000000 0.000000 1.000000
0.999155 -0.015398 -0.038115 2.257556 -0.001222 0.915663 -0.401945 89.175369 0.041090 0.401652 0.914870 -4.403968 0.000000 0.000000 0.000000 1.000000
0.996829 0.005002 -0.079416 2.305700 -0.036975 0.912848 -0.406622 89.883331 0.070461 0.408269 0.910138 -4.105658 0.000000 0.000000 0.000000 1.000000
0.993221 0.007609 -0.115991 2.125963 -0.054252 0.912854 -0.404666 90.528908 0.102804 0.408216 0.907078 -3.552737 0.000000 0.000000 0.000000 1.000000
0.988876 0.005429 -0.148645 1.861416 -0.064956 0.914771 -0.398715 91.056458 0.133812 0.403935 0.904948 -2.850946 0.000000 0.000000 0.000000 1.000000
0.984434 0.003085 -0.175730 1.418097 -0.071419 0.920599 -0.383922 91.051605 0.160593 0.390496 0.906489 -1.913102 0.000000 0.000000 0.000000 1.000000
0.980061 0.001735 -0.198688 0.912893 -0.074838 0.929544 -0.361036 90.435623 0.184063 0.368707 0.911140 -0.850732 0.000000 0.000000 0.000000 1.000000
0.975809 -0.004393 -0.218581 0.635955 -0.072693 0.936393 -0.343343 89.587616 0.206186 0.350926 0.913421 0.162444 0.000000 0.000000 0.000000 1.000000
0.976212 -0.017957 -0.216072 0.409201 -0.059484 0.936144 -0.346548 88.897247 0.208497 0.351158 0.912807 0.977093 0.000000 0.000000 0.000000 1.000000
0.982268 -0.037028 -0.183788 0.108002 -0.034283 0.928298 -0.370253 88.534019 0.184319 0.369989 0.910568 1.621621 0.000000 0.000000 0.000000 1.000000
0.988099 -0.057173 -0.142799 -0.270863 -0.004526 0.917147 -0.398522 88.549080 0.153753 0.394426 0.905974 1.960014 0.000000 0.000000 0.000000 1.000000</float_array>
        <technique_common>
          <accessor source="#mixamorig_Hips-Matrix-animation-output-transform-array" count="21" stride="16">
            <param type="float4x4"/>
          </accessor>
        </technique_common>
      </source>
      <source id="mixamorig_Hips-Interpolations">
        <Name_array id="mixamorig_Hips-Interpolations-array" count="21">
 LINEAR LINEAR LINEAR LINEAR LINEAR LINEAR LINEAR LINEAR LINEAR LINEAR LINEAR
LINEAR LINEAR LINEAR LINEAR LINEAR LINEAR LINEAR LINEAR LINEAR LINEAR</Name_array>
        <technique_common>
          <accessor source="#mixamorig_Hips-Interpolations-array" count="21">
            <param type="name"/>
          </accessor>
        </technique_common>
      </source>
      <sampler id="mixamorig_Hips-Matrix-animation-transform">
        <input semantic="INPUT" source="#mixamorig_Hips-Matrix-animation-input"/>
        <input semantic="OUTPUT" source="#mixamorig_Hips-Matrix-animation-output-transform"/>
        <input semantic="INTERPOLATION" source="#mixamorig_Hips-Interpolations"/>
      </sampler>
      <channel source="#mixamorig_Hips-Matrix-animation-transform" target="mixamorig_Hips/matrix"/>
    </animation>
    <animation id="mixamorig_Spine-anim" name="mixamorig_Spine">
      <source id="mixamorig_Spine-Matrix-animation-input">
        <float_array id="mixamorig_Spine-Matrix-animation-input-array" count="21">

0.000000 0.033333 0.066667 0.100000 0.133333 0.166667 0.200000 0.233333 0.266667 0.300000 0.333333 0.366667 0.400000 0.433333 0.466667 0.500000
0.533333 0.566667 0.600000 0.633333 0.666667</float_array>
        <technique_common>
          <accessor source="#mixamorig_Spine-Matrix-animation-input-array" count="21">
            <param name="TIME" type="float"/>
          </accessor>
        </technique_common>
      </source>
      <source id="mixamorig_Spine-Matrix-animation-output-transform">
        <float_array id="mixamorig_Spine-Matrix-animation-output-transform-array" count="336">

0.994525 0.027339 0.100855 0.000000 -0.012911 0.989921 -0.141029 10.246800 -0.103694 0.138955 0.984855 -1.182900 0.000000 0.000000 0.000000 1.000000
0.985830 0.085956 0.144050 0.000000 -0.067468 0.989393 -0.128648 10.246800 -0.153580 0.117107 0.981172 -1.182900 0.000000 0.000000 0.000000 1.000000
0.977625 0.122082 0.171305 0.000000 -0.103042 0.987893 -0.115978 10.246800 -0.183389 0.095731 0.978368 -1.182900 0.000000 0.000000 0.000000 1.000000
0.974274 0.130771 0.183548 0.000000 -0.114504 0.988712 -0.096633 10.246800 -0.194113 0.073130 0.978250 -1.182900 0.000000 0.000000 0.000000 1.000000
0.972815 0.124305 0.195397 -0.000000 -0.109586 0.990383 -0.084455 10.246800 -0.204016 0.060746 0.977081 -1.182900 0.000000 0.000000 0.000000 1.000000
0.972180 0.126512 0.197130 0.000000 -0.107347 0.988652 -0.105088 10.246800 -0.208188 0.081003 0.974729 -1.182900 0.000000 0.000000 0.000000 1.000000
0.976664 0.144413 0.158975 0.000000 -0.125441 0.984377 -0.123559 10.246800 -0.174335 0.100733 0.979520 -1.182900 0.000000 0.000000 0.000000 1.000000
0.981072 0.163207 0.104218 -0.000000 -0.148995 0.979979 -0.132068 10.246800 -0.123686 0.114040 0.985747 -1.182900 0.000000 0.000000 0.000000 1.000000
0.987090 0.155910 0.036674 -0.000000 -0.150322 0.980846 -0.123870 10.246800 -0.055284 0.116758 0.991620 -1.182900 0.000000 0.000000 0.000000 1.000000
0.991792 0.121203 -0.040717 0.000000 -0.124979 0.986194 -0.108634 10.246800 0.026988 0.112831 0.993248 -1.182900 0.000000 0.000000 0.000000 1.000000
0.990300 0.076870 -0.115745 0.000000 -0.088339 0.991311 -0.097461 10.246800 0.107247 0.106741 0.988486 -1.182900 0.000000 0.000000 0.000000 1.000000
0.982916 0.027227 -0.182029 0.000000 -0.044405 0.994863 -0.090971 10.246800 0.178617 0.097499 0.979076 -1.182900 0.000000 0.000000 0.000000 1.000000
0.977334 -0.002116 -0.211691 -0.000000 -0.016743 0.996045 -0.087255 10.246800 0.211038 0.088821 0.973434 -1.182900 0.000000 0.000000 0.000000 1.000000
0.974519 -0.010497 -0.224058 -0.000000 -0.010166 0.995811 -0.090870 10.246800 0.224073 0.090833 0.970330 -1.182900 0.000000 0.000000 0.000000 1.000000
0.973226 -0.012422 -0.229515 0.000000 -0.010420 0.995127 -0.098045 10.246800 0.229615 0.097811 0.968354 -1.182900 0.000000 0.000000 0.000000 1.000000
0.976494 -0.017106 -0.214866 -0.000000 -0.006815 0.993897 -0.110098 10.246800 0.215438 0.108974 0.970418 -1.182900 0.000000 0.000000 0.000000 1.000000
0.985450 -0.024860 -0.168139 0.000000 0.003922 0.992308 -0.123732 10.246800 0.169922 0.121272 0.977967 -1.182900 0.000000 0.000000 0.000000 1.000000
0.995408 -0.026380 -0.092016 0.000000 0.013262 0.990011 -0.140362 10.246800 0.094800 0.138497 0.985815 -1.182900 0.000000 0.000000 0.000000 1.000000
0.999743 -0.017695 -0.014138 0.000000 0.015399 0.988768 -0.148666 10.246800 0.016610 0.148410 0.988786 -1.182900 0.000000 0.000000 0.000000 1.000000
0.998999 0.003956 0.044553 0.000000 0.002524 0.989510 -0.144444 10.246800 -0.044657 0.144412 0.988510 -1.182900 0.000000 0.000000 0.000000 1.000000
0.994525 0.027338 0.100855 -0.000000 -0.012909 0.989921 -0.141029 10.246800 -0.103694 0.138955 0.984855 -1.182900 0.000000 0.000000 0.000000 1.000000</float_array>
        <technique_common>
          <accessor source="#mixamorig_Spine-Matrix-animation-output-transform-array" count="21" stride="16">
            <param type="float4x4"/>
          </accessor>
        </technique_common>
      </source>
      <source id="mixamorig_Spine-Interpolations">
        <Name_array id="mixamorig_Spine-Interpolations-array" count="21">
 LINEAR LINEAR LINEAR LINEAR LINEAR LINEAR LINEAR LINEAR LINEAR LINEAR LINEAR
LINEAR LINEAR LINEAR LINEAR LINEAR LINEAR LINEAR LINEAR LINEAR LINEAR</Name_array>
        <technique_common>
          <accessor source="#mixamorig_Spine-Interpolations-array" count="21">
            <param type="name"/>
          </accessor>
        </technique_common>
      </source>
      <sampler id="mixamorig_Spine-Matrix-animation-transform">
        <input semantic="INPUT" source="#mixamorig_Spine-Matrix-animation-input"/>
        <input semantic="OUTPUT" source="#mixamorig_Spine-Matrix-animation-output-transform"/>
        <input semantic="INTERPOLATION" source="#mixamorig_Spine-Interpolations"/>
      </sampler>
      <channel source="#mixamorig_Spine-Matrix-animation-transform" target="mixamorig_Spine/matrix"/>
    </animation>
    <animation id="mixamorig_Spine1-anim" name="mixamorig_Spine1">
      <source id="mixamorig_Spine1-Matrix-animation-input">
        <float_array id="mixamorig_Spine1-Matrix-animation-input-array" count="21">

0.000000 0.033333 0.066667 0.100000 0.133333 0.166667 0.200000 0.233333 0.266667 0.300000 0.333333 0.366667 0.400000 0.433333 0.466667 0.500000
0.533333 0.566667 0.600000 0.633333 0.666667</float_array>
        <technique_common>
          <accessor source="#mixamorig_Spine1-Matrix-animation-input-array" count="21">
            <param name="TIME" type="float"/>
          </accessor>
        </technique_common>
      </source>
      <source id="mixamorig_Spine1-Matrix-animation-output-transform">
        <float_array id="mixamorig_Spine1-Matrix-animation-output-transform-array" count="336">

0.999515 0.008019 0.030090 0.000000 -0.006823 0.999191 -0.039625 12.034000 -0.030383 0.039401 0.998761 0.000000 0.000000 0.000000 0.000000 1.000000
0.998924 0.016279 0.043428 0.000000 -0.014589 0.999135 -0.038954 12.034000 -0.044024 0.038278 0.998297 -0.000000 0.000000 0.000000 0.000000 1.000000
0.998378 0.023394 0.051911 0.000000 -0.021402 0.999026 -0.038600 12.034000 -0.052763 0.037427 0.997905 0.000000 0.000000 0.000000 0.000000 1.000000
0.998119 0.026434 0.055309 0.000000 -0.024380 0.999000 -0.037484 12.034000 -0.056245 0.036065 0.997765 -0.000000 0.000000 0.000000 0.000000 1.000000
0.998040 0.023072 0.058164 0.000000 -0.020679 0.998928 -0.041426 12.034000 -0.059058 0.040142 0.997447 -0.000000 0.000000 0.000000 0.000000 1.000000
0.998047 0.021016 0.058830 0.000000 -0.018253 0.998722 -0.047129 12.034000 -0.059745 0.045963 0.997155 0.000000 0.000000 0.000000 0.000000 1.000000
0.998465 0.025781 0.049012 0.000000 -0.023415 0.998561 -0.048255 12.034000 -0.050185 0.047034 0.997632 0.000000 0.000000 0.000000 0.000000 1.000000
0.998885 0.032084 0.034627 0.000000 -0.030436 0.998425 -0.047121 12.034000 -0.036084 0.046014 0.998289 -0.000000 0.000000 0.000000 0.000000 1.000000
0.999284 0.034158 0.016286 0.000000 -0.033407 0.998457 -0.044350 12.034000 -0.017776 0.043775 0.998883 -0.000000 0.000000 0.000000 0.000000 1.000000
0.999504 0.031035 -0.005355 0.000000 -0.031227 0.998690 -0.040534 12.034000 0.004090 0.040681 0.999164 -0.000000 0.000000 0.000000 0.000000 1.000000
0.999301 0.026252 -0.026621 -0.000000 -0.027220 0.998955 -0.036702 12.034000 0.025630 0.037401 0.998972 -0.000000 0.000000 0.000000 0.000000 1.000000
0.998721 0.020798 -0.046087 0.000000 -0.022328 0.999208 -0.032932 12.034000 0.045365 0.033919 0.998394 -0.000000 0.000000 0.000000 0.000000 1.000000
0.998296 0.018433 -0.055361 0.000000 -0.020193 0.999303 -0.031409 12.034000 0.054744 0.032473 0.997972 0.000000 0.000000 0.000000 0.000000 1.000000
0.998050 0.019028 -0.059448 -0.000000 -0.021029 0.999227 -0.033210 12.034000 0.058770 0.034395 0.997679 0.000000 0.000000 0.000000 0.000000 1.000000
0.997894 0.020529 -0.061539 -0.000000 -0.022794 0.999080 -0.036331 12.034000 0.060736 0.037657 0.997443 0.000000 0.000000 0.000000 0.000000 1.000000
0.998130 0.020279 -0.057667 -0.000000 -0.022601 0.998948 -0.039892 12.034000 0.056797 0.041121 0.997539 0.000000 0.000000 0.000000 0.000000 1.000000
0.998856 0.017489 -0.044511 -0.000000 -0.019391 0.998901 -0.042677 12.034000 0.043716 0.043491 0.998097 0.000000 0.000000 0.000000 0.000000 1.000000
0.999642 0.012997 -0.023386 0.000000 -0.014005 0.998956 -0.043486 12.034000 0.022796 0.043798 0.998780 0.000000 0.000000 0.000000 0.000000 1.000000
0.999957 0.008978 -0.002196 0.000000 -0.009063 0.999055 -0.042519 12.034000 0.001812 0.042538 0.999093 0.000000 0.000000 0.000000 0.000000 1.000000
0.999864 0.008309 0.014219 -0.000000 -0.007718 0.999125 -0.041099 12.034000 -0.014548 0.040983 0.999054 -0.000000 0.000000 0.000000 0.000000 1.000000
0.999515 0.007984 0.030089 -0.000000 -0.006788 0.999192 -0.039624 12.034000 -0.030381 0.039400 0.998762 0.000000 0.000000 0.000000 0.000000 1.000000</float_array>
        <technique_common>
          <accessor source="#mixamorig_Spine1-Matrix-animation-output-transform-array" count="21" stride="16">
            <param type="float4x4"/>
          </accessor>
        </technique_common>
      </source>
      <source id="mixamorig_Spine1-Interpolations">
        <Name_array id="mixamorig_Spine1-Interpolations-array" count="21">
 LINEAR LINEAR LINEAR LINEAR LINEAR LINEAR LINEAR LINEAR LINEAR LINEAR LINEAR
LINEAR LINEAR LINEAR LINEAR LINEAR LINEAR LINEAR LINEAR LINEAR LINEAR</Name_array>
        <technique_common>
          <accessor source="#mixamorig_Spine1-Interpolations-array" count="21">
            <param type="name"/>
          </accessor>
        </technique_common>
      </source>
      <sampler id="mixamorig_Spine1-Matrix-animation-transform">
        <input semantic="INPUT" source="#mixamorig_Spine1-Matrix-animation-input"/>
        <input semantic="OUTPUT" source="#mixamorig_Spine1-Matrix-animation-output-transform"/>
        <input semantic="INTERPOLATION" source="#mixamorig_Spine1-Interpolations"/>
      </sampler>
      <channel source="#mixamorig_Spine1-Matrix-animation-transform" target="mixamorig_Spine1/matrix"/>
    </animation>
    <animation id="mixamorig_Spine2-anim" name="mixamorig_Spine2">
      <source id="mixamorig_Spine2-Matrix-animation-input">
        <float_array id="mixamorig_Spine2-Matrix-animation-input-array" count="21">

0.000000 0.033333 0.066667 0.100000 0.133333 0.166667 0.200000 0.233333 0.266667 0.300000 0.333333 0.366667 0.400000 0.433333 0.466667 0.500000
0.533333 0.566667 0.600000 0.633333 0.666667</float_array>
        <technique_common>
          <accessor source="#mixamorig_Spine2-Matrix-animation-input-array" count="21">
            <param name="TIME" type="float"/>
          </accessor>
        </technique_common>
      </source>
      <source id="mixamorig_Spine2-Matrix-animation-output-transform">
        <float_array id="mixamorig_Spine2-Matrix-animation-output-transform-array" count="336">

0.999501 0.008810 0.030349 0.000000 -0.007608 0.999191 -0.039493 13.753100 -0.030673 0.039242 0.998759 0.000000 0.000000 0.000000 0.000000 1.000000
0.998902 0.017372 0.043511 -0.000000 -0.015694 0.999131 -0.038611 13.753100 -0.044144 0.037886 0.998307 -0.000000 0.000000 0.000000 0.000000 1.000000
0.998352 0.024756 0.051773 0.000000 -0.022794 0.999012 -0.038141 13.753100 -0.052666 0.036898 0.997930 0.000000 0.000000 0.000000 0.000000 1.000000
0.998099 0.028088 0.054851 0.000000 -0.026075 0.998972 -0.037069 13.753100 -0.055835 0.035568 0.997806 -0.000000 0.000000 0.000000 0.000000 1.000000
0.998024 0.024704 0.057781 0.000000 -0.022354 0.998910 -0.040970 13.753100 -0.058730 0.039597 0.997488 -0.000000 0.000000 0.000000 0.000000 1.000000
0.998025 0.022643 0.058603 0.000000 -0.019922 0.998715 -0.046607 13.753100 -0.059583 0.045347 0.997193 0.000000 0.000000 0.000000 0.000000 1.000000
0.998432 0.027183 0.048927 -0.000000 -0.024849 0.998552 -0.047707 13.753100 -0.050153 0.046417 0.997662 0.000000 0.000000 0.000000 0.000000 1.000000
0.998849 0.033128 0.034701 0.000000 -0.031495 0.998417 -0.046596 13.753100 -0.036190 0.045449 0.998311 -0.000000 0.000000 0.000000 0.000000 1.000000
0.999259 0.034719 0.016586 0.000000 -0.033960 0.998451 -0.044062 13.753100 -0.018090 0.043466 0.998891 0.000000 0.000000 0.000000 0.000000 1.000000
0.999506 0.031062 -0.004846 0.000000 -0.031234 0.998685 -0.040648 13.753100 0.003577 0.040779 0.999162 0.000000 0.000000 0.000000 0.000000 1.000000
0.999330 0.025797 -0.025946 0.000000 -0.026752 0.998951 -0.037175 13.753100 0.024960 0.037844 0.998972 0.000000 0.000000 0.000000 0.000000 1.000000
0.998774 0.019954 -0.045294 0.000000 -0.021489 0.999202 -0.033672 13.753100 0.044585 0.034604 0.998406 0.000000 0.000000 0.000000 0.000000 1.000000
0.998360 0.017459 -0.054514 0.000000 -0.019236 0.999295 -0.032252 13.753100 0.053912 0.033248 0.997992 -0.000000 0.000000 0.000000 0.000000 1.000000
0.998126 0.017924 -0.058500 0.000000 -0.019946 0.999217 -0.034165 13.753100 0.057842 0.035268 0.997703 0.000000 0.000000 0.000000 0.000000 1.000000
0.997984 0.019285 -0.060469 -0.000000 -0.021572 0.999068 -0.037398 13.753100 0.059692 0.038627 0.997469 0.000000 0.000000 0.000000 0.000000 1.000000
0.998222 0.019001 -0.056505 0.000000 -0.021328 0.998936 -0.040882 13.753100 0.055668 0.042014 0.997565 0.000000 0.000000 0.000000 0.000000 1.000000
0.998925 0.016415 -0.043361 0.000000 -0.018295 0.998894 -0.043319 13.753100 0.042602 0.044066 0.998120 0.000000 0.000000 0.000000 0.000000 1.000000
0.999671 0.012419 -0.022421 -0.000000 -0.013390 0.998955 -0.043696 13.753100 0.021854 0.043982 0.998793 0.000000 0.000000 0.000000 0.000000 1.000000
0.999959 0.008946 -0.001504 0.000000 -0.009001 0.999057 -0.042480 13.753100 0.001122 0.042492 0.999096 0.000000 0.000000 0.000000 0.000000 1.000000
0.999854 0.008696 0.014692 0.000000 -0.008087 0.999126 -0.041018 13.753100 -0.015035 0.040893 0.999050 -0.000000 0.000000 0.000000 0.000000 1.000000
0.999501 0.008810 0.030349 0.000000 -0.007608 0.999191 -0.039493 13.753100 -0.030672 0.039242 0.998759 -0.000000 0.000000 0.000000 0.000000 1.000000</float_array>
        <technique_common>
          <accessor source="#mixamorig_Spine2-Matrix-animation-output-transform-array" count="21" stride="16">
            <param type="float4x4"/>
          </accessor>
        </technique_common>
      </source>
      <source id="mixamorig_Spine2-Interpolations">
        <Name_array id="mixamorig_Spine2-Interpolations-array" count="21">
 LINEAR LINEAR LINEAR LINEAR LINEAR LINEAR LINEAR LINEAR LINEAR LINEAR LINEAR
LINEAR LINEAR LINEAR LINEAR LINEAR LINEAR LINEAR LINEAR LINEAR LINEAR</Name_array>
        <technique_common>
          <accessor source="#mixamorig_Spine2-Interpolations-array" count="21">
            <param type="name"/>
          </accessor>
        </technique_common>
      </source>
      <sampler id="mixamorig_Spine2-Matrix-animation-transform">
        <input semantic="INPUT" source="#mixamorig_Spine2-Matrix-animation-input"/>
        <input semantic="OUTPUT" source="#mixamorig_Spine2-Matrix-animation-output-transform"/>
        <input semantic="INTERPOLATION" source="#mixamorig_Spine2-Interpolations"/>
      </sampler>
      <channel source="#mixamorig_Spine2-Matrix-animation-transform" target="mixamorig_Spine2/matrix"/>
    </animation>
    <animation id="mixamorig_Neck-anim" name="mixamorig_Neck">
      <source id="mixamorig_Neck-Matrix-animation-input">
        <float_array id="mixamorig_Neck-Matrix-animation-input-array" count="21">

0.000000 0.033333 0.066667 0.100000 0.133333 0.166667 0.200000 0.233333 0.266667 0.300000 0.333333 0.366667 0.400000 0.433333 0.466667 0.500000
0.533333 0.566667 0.600000 0.633333 0.666667</float_array>
        <technique_common>
          <accessor source="#mixamorig_Neck-Matrix-animation-input-array" count="21">
            <param name="TIME" type="float"/>
          </accessor>
        </technique_common>
      </source>
      <source id="mixamorig_Neck-Matrix-animation-output-transform">
        <float_array id="mixamorig_Neck-Matrix-animation-output-transform-array" count="336">

0.999865 0.007665 -0.014532 0.000000 -0.009614 0.990220 -0.139181 15.472300 0.013323 0.139302 0.990160 -0.000000 0.000000 0.000000 0.000000 1.000000
0.999835 0.000373 -0.018187 0.000000 -0.003013 0.989378 -0.145335 15.472300 0.017940 0.145366 0.989215 -0.000000 0.000000 0.000000 0.000000 1.000000
0.999745 -0.005185 -0.021991 0.000000 0.001770 0.988290 -0.152576 15.472300 0.022524 0.152498 0.988047 -0.000000 0.000000 0.000000 0.000000 1.000000
0.999667 -0.008729 -0.024268 0.000000 0.004832 0.987712 -0.156209 15.472300 0.025333 0.156039 0.987426 0.000000 0.000000 0.000000 0.000000 1.000000
0.999591 -0.013994 -0.024944 -0.000000 0.009946 0.987773 -0.155582 15.472300 0.026816 0.155271 0.987508 0.000000 0.000000 0.000000 0.000000 1.000000
0.999597 -0.018288 -0.021719 0.000000 0.014793 0.988363 -0.151390 15.472300 0.024235 0.151008 0.988235 -0.000000 0.000000 0.000000 0.000000 1.000000
0.999746 -0.018159 -0.013340 0.000000 0.015971 0.988710 -0.148989 15.472300 0.015895 0.148738 0.988749 -0.000000 0.000000 0.000000 0.000000 1.000000
0.999849 -0.017058 -0.003214 0.000000 0.016398 0.988940 -0.147406 15.472300 0.005692 0.147331 0.989071 -0.000000 0.000000 0.000000 0.000000 1.000000
0.999854 -0.014556 0.008896 0.000000 0.015690 0.989365 -0.144605 15.472300 -0.006697 0.144724 0.989449 0.000000 0.000000 0.000000 0.000000 1.000000
0.999689 -0.010595 0.022570 0.000000 0.013683 0.989860 -0.141386 15.472300 -0.020843 0.141650 0.989697 0.000000 0.000000 0.000000 0.000000 1.000000
0.999335 -0.006939 0.035802 -0.000000 0.011823 0.990356 -0.138041 15.472300 -0.034499 0.138373 0.989779 0.000000 0.000000 0.000000 0.000000 1.000000
0.998852 -0.004515 0.047693 0.000000 0.010889 0.990890 -0.134235 15.472300 -0.046653 0.134601 0.989801 0.000000 0.000000 0.000000 0.000000 1.000000
0.998618 -0.005469 0.052272 0.000000 0.012222 0.991471 -0.129751 15.472300 -0.051117 0.130211 0.990168 0.000000 0.000000 0.000000 0.000000 1.000000
0.998587 -0.005080 0.052906 0.000000 0.011762 0.991863 -0.126768 15.472300 -0.051832 0.127211 0.990520 0.000000 0.000000 0.000000 0.000000 1.000000
0.998635 -0.003816 0.052085 0.000000 0.010293 0.992146 -0.124665 15.472300 -0.051200 0.125031 0.990831 0.000000 0.000000 0.000000 0.000000 1.000000
0.998844 -0.001154 0.048048 0.000000 0.007207 0.992005 -0.125991 15.472300 -0.047518 0.126192 0.990867 0.000000 0.000000 0.000000 0.000000 1.000000
0.999221 0.002562 0.039390 -0.000000 0.002611 0.991414 -0.130732 15.472300 -0.039387 0.130733 0.990635 -0.000000 0.000000 0.000000 0.000000 1.000000
0.999605 0.006539 0.027348 0.000000 -0.002827 0.991030 -0.133611 15.472300 -0.027976 0.133481 0.990656 -0.000000 0.000000 0.000000 0.000000 1.000000
0.999815 0.012046 0.015007 0.000000 -0.009960 0.991196 -0.132026 15.472300 -0.016466 0.131852 0.991133 0.000000 0.000000 0.000000 0.000000 1.000000
0.999926 0.012188 0.000023 0.000000 -0.012074 0.990808 -0.134732 15.472300 -0.001665 0.134722 0.990882 0.000000 0.000000 0.000000 0.000000 1.000000
0.999865 0.007665 -0.014532 -0.000000 -0.009614 0.990220 -0.139181 15.472300 0.013323 0.139302 0.990160 0.000000 0.000000 0.000000 0.000000 1.000000</float_array>
        <technique_common>
          <accessor source="#mixamorig_Neck-Matrix-animation-output-transform-array" count="21" stride="16">
            <param type="float4x4"/>
          </accessor>
        </technique_common>
      </source>
      <source id="mixamorig_Neck-Interpolations">
        <Name_array id="mixamorig_Neck-Interpolations-array" count="21">
 LINEAR LINEAR LINEAR LINEAR LINEAR LINEAR LINEAR LINEAR LINEAR LINEAR LINEAR
LINEAR LINEAR LINEAR LINEAR LINEAR LINEAR LINEAR LINEAR LINEAR LINEAR</Name_array>
        <technique_common>
          <accessor source="#mixamorig_Neck-Interpolations-array" count="21">
            <param type="name"/>
          </accessor>
        </technique_common>
      </source>
      <sampler id="mixamorig_Neck-Matrix-animation-transform">
        <input semantic="INPUT" source="#mixamorig_Neck-Matrix-animation-input"/>
        <input semantic="OUTPUT" source="#mixamorig_Neck-Matrix-animation-output-transform"/>
        <input semantic="INTERPOLATION" source="#mixamorig_Neck-Interpolations"/>
      </sampler>
      <channel source="#mixamorig_Neck-Matrix-animation-transform" target="mixamorig_Neck/matrix"/>
    </animation>
    <animation id="mixamorig_Head-anim" name="mixamorig_Head">
      <source id="mixamorig_Head-Matrix-animation-input">
        <float_array id="mixamorig_Head-Matrix-animation-input-array" count="21">

0.000000 0.033333 0.066667 0.100000 0.133333 0.166667 0.200000 0.233333 0.266667 0.300000 0.333333 0.366667 0.400000 0.433333 0.466667 0.500000
0.533333 0.566667 0.600000 0.633333 0.666667</float_array>
        <technique_common>
          <accessor source="#mixamorig_Head-Matrix-animation-input-array" count="21">
            <param name="TIME" type="float"/>
          </accessor>
        </technique_common>
      </source>
      <source id="mixamorig_Head-Matrix-animation-output-transform">
        <float_array id="mixamorig_Head-Matrix-animation-output-transform-array" count="336">

0.993535 0.079589 -0.080962 -0.000000 -0.040932 0.916282 0.398438 6.121700 0.105895 -0.392548 0.913615 2.117600 0.000000 0.000000 0.000000 1.000000
0.987843 0.031433 -0.152243 0.000000 0.030075 0.922197 0.385549 6.121700 0.152517 -0.385441 0.910041 2.117600 0.000000 0.000000 0.000000 1.000000
0.973162 -0.008853 -0.229950 0.000000 0.094159 0.927101 0.362793 6.121700 0.209975 -0.374708 0.903053 2.117600 0.000000 0.000000 0.000000 1.000000
0.957461 -0.026316 -0.287359 -0.000000 0.124989 0.935391 0.330790 6.121700 0.260088 -0.352635 0.898890 2.117600 0.000000 0.000000 0.000000 1.000000
0.949350 -0.027445 -0.313020 0.000000 0.130939 0.940119 0.314691 6.121700 0.285640 -0.339739 0.896096 2.117600 0.000000 0.000000 0.000000 1.000000
0.952746 -0.026821 -0.302581 0.000000 0.130781 0.935268 0.328892 6.121700 0.274173 -0.352922 0.894581 2.117600 0.000000 0.000000 0.000000 1.000000
0.961556 -0.041901 -0.271394 0.000000 0.135899 0.931394 0.337694 6.121700 0.238625 -0.361593 0.901282 2.117600 0.000000 0.000000 0.000000 1.000000
0.971373 -0.062372 -0.229227 -0.000000 0.140328 0.929232 0.341813 6.121700 0.191685 -0.364195 0.911383 2.117600 0.000000 0.000000 0.000000 1.000000
0.985071 -0.078047 -0.153437 0.000000 0.127868 0.928498 0.348628 6.121700 0.115257 -0.363043 0.924616 2.117600 0.000000 0.000000 0.000000 1.000000
0.995523 -0.083144 -0.044950 0.000000 0.093644 0.932139 0.349783 6.121700 0.012817 -0.352426 0.935752 2.117600 0.000000 0.000000 0.000000 1.000000
0.994118 -0.082540 0.070113 0.000000 0.053740 0.938042 0.342329 6.121700 -0.094025 -0.336547 0.936961 2.117600 0.000000 0.000000 0.000000 1.000000
0.979897 -0.077726 0.183740 -0.000000 0.013930 0.945394 0.325633 6.121700 -0.199017 -0.316527 0.927471 2.117600 0.000000 0.000000 0.000000 1.000000
0.964696 -0.071018 0.253611 0.000000 -0.012474 0.949556 0.313350 6.121700 -0.263071 -0.305451 0.915147 2.117600 0.000000 0.000000 0.000000 1.000000
0.955933 -0.066445 0.285967 0.000000 -0.029717 0.947150 0.319412 6.121700 -0.292077 -0.313835 0.903437 2.117600 0.000000 0.000000 0.000000 1.000000
0.950777 -0.062059 0.303598 0.000000 -0.044420 0.942327 0.331732 6.121700 -0.306675 -0.328889 0.893187 2.117600 0.000000 0.000000 0.000000 1.000000
0.953580 -0.048275 0.297244 0.000000 -0.055778 0.941673 0.331875 6.121700 -0.295928 -0.333049 0.895268 2.117600 0.000000 0.000000 0.000000 1.000000
0.966047 -0.022882 0.257350 -0.000000 -0.063880 0.943991 0.323728 6.121700 -0.250344 -0.329176 0.910478 2.117600 0.000000 0.000000 0.000000 1.000000
0.981172 0.007182 0.193005 -0.000000 -0.072088 0.940709 0.331467 6.121700 -0.179181 -0.339139 0.923514 2.117600 0.000000 0.000000 0.000000 1.000000
0.992196 0.033830 0.120011 0.000000 -0.076390 0.925635 0.370628 6.121700 -0.098549 -0.376903 0.920995 2.117600 0.000000 0.000000 0.000000 1.000000
0.997433 0.067741 0.023220 -0.000000 -0.071378 0.914412 0.398441 6.121700 0.005758 -0.399076 0.916900 2.117600 0.000000 0.000000 0.000000 1.000000
0.993535 0.079589 -0.080962 -0.000000 -0.040932 0.916282 0.398437 6.121700 0.105895 -0.392547 0.913615 2.117600 0.000000 0.000000 0.000000 1.000000</float_array>
        <technique_common>
          <accessor source="#mixamorig_Head-Matrix-animation-output-transform-array" count="21" stride="16">
            <param type="float4x4"/>
          </accessor>
        </technique_common>
      </source>
      <source id="mixamorig_Head-Interpolations">
        <Name_array id="mixamorig_Head-Interpolations-array" count="21">
 LINEAR LINEAR LINEAR LINEAR LINEAR LINEAR LINEAR LINEAR LINEAR LINEAR LINEAR
LINEAR LINEAR LINEAR LINEAR LINEAR LINEAR LINEAR LINEAR LINEAR LINEAR</Name_array>
        <technique_common>
          <accessor source="#mixamorig_Head-Interpolations-array" count="21">
            <param type="name"/>
          </accessor>
        </technique_common>
      </source>
      <sampler id="mixamorig_Head-Matrix-animation-transform">
        <input semantic="INPUT" source="#mixamorig_Head-Matrix-animation-input"/>
        <input semantic="OUTPUT" source="#mixamorig_Head-Matrix-animation-output-transform"/>
        <input semantic="INTERPOLATION" source="#mixamorig_Head-Interpolations"/>
      </sampler>
      <channel source="#mixamorig_Head-Matrix-animation-transform" target="mixamorig_Head/matrix"/>
    </animation>
    <animation id="mixamorig_LeftShoulder-anim" name="mixamorig_LeftShoulder">
      <source id="mixamorig_LeftShoulder-Matrix-animation-input">
        <float_array id="mixamorig_LeftShoulder-Matrix-animation-input-array" count="21">

0.000000 0.033333 0.066667 0.100000 0.133333 0.166667 0.200000 0.233333 0.266667 0.300000 0.333333 0.366667 0.400000 0.433333 0.466667 0.500000
0.533333 0.566667 0.600000 0.633333 0.666667</float_array>
        <technique_common>
          <accessor source="#mixamorig_LeftShoulder-Matrix-animation-input-array" count="21">
            <param name="TIME" type="float"/>
          </accessor>
        </technique_common>
      </source>
      <source id="mixamorig_LeftShoulder-Matrix-animation-output-transform">
        <float_array id="mixamorig_LeftShoulder-Matrix-animation-output-transform-array" count="336">

0.313818 0.843129 -0.436637 6.584100 0.009115 -0.462522 -0.886561 13.677400 -0.949439 0.274239 -0.152833 -0.199400 0.000000 0.000000 0.000000 1.000000
0.288733 0.863047 -0.414466 6.584100 0.012757 -0.436334 -0.899695 13.677400 -0.957325 0.254484 -0.136994 -0.199400 0.000000 0.000000 0.000000 1.000000
0.277755 0.868119 -0.411365 6.584100 0.013312 -0.431651 -0.901942 13.677400 -0.960560 0.245043 -0.131449 -0.199400 0.000000 0.000000 0.000000 1.000000
0.267825 0.868334 -0.417451 6.584100 0.013080 -0.436517 -0.899601 13.677400 -0.963379 0.235476 -0.128268 -0.199400 0.000000 0.000000 0.000000 1.000000
0.245984 0.874885 -0.417215 6.584100 0.013704 -0.433537 -0.901032 13.677400 -0.969177 0.215922 -0.118633 -0.199400 0.000000 0.000000 0.000000 1.000000
0.239034 0.860770 -0.449376 6.584100 0.011310 -0.465228 -0.885119 13.677400 -0.970945 0.206491 -0.120941 -0.199400 0.000000 0.000000 0.000000 1.000000
0.248878 0.823201 -0.510294 6.584100 0.005412 -0.528046 -0.849199 13.677400 -0.968520 0.208586 -0.135874 -0.199400 0.000000 0.000000 0.000000 1.000000
0.275568 0.795230 -0.540067 6.584100 -0.000256 -0.561759 -0.827301 13.677400 -0.961282 0.228116 -0.154599 -0.199400 0.000000 0.000000 0.000000 1.000000
0.292628 0.788657 -0.540730 6.584100 -0.002337 -0.564891 -0.825162 13.677400 -0.956224 0.242729 -0.163460 -0.199400 0.000000 0.000000 0.000000 1.000000
0.311004 0.783535 -0.537912 6.584100 -0.004212 -0.564838 -0.825191 13.677400 -0.950399 0.258903 -0.172366 -0.199400 0.000000 0.000000 0.000000 1.000000
0.325529 0.780771 -0.533318 6.584100 -0.005354 -0.562509 -0.826774 13.677400 -0.945517 0.271994 -0.178933 -0.199400 0.000000 0.000000 0.000000 1.000000
0.332304 0.782217 -0.526983 6.584100 -0.005200 -0.557206 -0.830358 13.677400 -0.943158 0.278672 -0.181095 -0.199400 0.000000 0.000000 0.000000 1.000000
0.317764 0.793165 -0.519534 6.584100 -0.002528 -0.547223 -0.836983 13.677400 -0.948167 0.267276 -0.171883 -0.199400 0.000000 0.000000 0.000000 1.000000
0.311032 0.797323 -0.517238 6.584100 -0.001599 -0.543792 -0.839219 13.677400 -0.950398 0.261851 -0.167862 -0.199400 0.000000 0.000000 0.000000 1.000000
0.306772 0.799097 -0.517045 6.584100 -0.001214 -0.542909 -0.839791 13.677400 -0.951782 0.258252 -0.165580 -0.199400 0.000000 0.000000 0.000000 1.000000
0.301740 0.800781 -0.517400 6.584100 -0.000839 -0.542472 -0.840074 13.677400 -0.953390 0.253918 -0.163014 -0.199400 0.000000 0.000000 0.000000 1.000000
0.298558 0.796595 -0.525642 6.584100 -0.001711 -0.550314 -0.834956 13.677400 -0.954390 0.250182 -0.162938 -0.199400 0.000000 0.000000 0.000000 1.000000
0.298754 0.796605 -0.525516 6.584100 -0.001794 -0.550195 -0.835034 13.677400 -0.954329 0.250412 -0.162944 -0.199400 0.000000 0.000000 0.000000 1.000000
0.302717 0.811970 -0.499067 6.584100 0.001327 -0.523994 -0.851721 13.677400 -0.953080 0.257168 -0.159700 -0.199400 0.000000 0.000000 0.000000 1.000000
0.311767 0.824014 -0.473078 6.584100 0.004174 -0.499077 -0.866547 13.677400 -0.950150 0.268186 -0.159035 -0.199400 0.000000 0.000000 0.000000 1.000000
0.313818 0.843129 -0.436637 6.584100 0.009115 -0.462522 -0.886561 13.677400 -0.949439 0.274239 -0.152833 -0.199400 0.000000 0.000000 0.000000 1.000000</float_array>
        <technique_common>
          <accessor source="#mixamorig_LeftShoulder-Matrix-animation-output-transform-array" count="21" stride="16">
            <param type="float4x4"/>
          </accessor>
        </technique_common>
      </source>
      <source id="mixamorig_LeftShoulder-Interpolations">
        <Name_array id="mixamorig_LeftShoulder-Interpolations-array" count="21">
 LINEAR LINEAR LINEAR LINEAR LINEAR LINEAR LINEAR LINEAR LINEAR LINEAR LINEAR
LINEAR LINEAR LINEAR LINEAR LINEAR LINEAR LINEAR LINEAR LINEAR LINEAR</Name_array>
        <technique_common>
          <accessor source="#mixamorig_LeftShoulder-Interpolations-array" count="21">
            <param type="name"/>
          </accessor>
        </technique_common>
      </source>
      <sampler id="mixamorig_LeftShoulder-Matrix-animation-transform">
        <input semantic="INPUT" source="#mixamorig_LeftShoulder-Matrix-animation-input"/>
        <input semantic="OUTPUT" source="#mixamorig_LeftShoulder-Matrix-animation-output-transform"/>
        <input semantic="INTERPOLATION" source="#mixamorig_LeftShoulder-Interpolations"/>
      </sampler>
      <channel source="#mixamorig_LeftShoulder-Matrix-animation-transform" target="mixamorig_LeftShoulder/matrix"/>
    </animation>
    <animation id="mixamorig_LeftArm-anim" name="mixamorig_LeftArm">
      <source id="mixamorig_LeftArm-Matrix-animation-input">
        <float_array id="mixamorig_LeftArm-Matrix-animation-input-array" count="21">

0.000000 0.033333 0.066667 0.100000 0.133333 0.166667 0.200000 0.233333 0.266667 0.300000 0.333333 0.366667 0.400000 0.433333 0.466667 0.500000
0.533333 0.566667 0.600000 0.633333 0.666667</float_array>
        <technique_common>
          <accessor source="#mixamorig_LeftArm-Matrix-animation-input-array" count="21">
            <param name="TIME" type="float"/>
          </accessor>
        </technique_common>
      </source>
      <source id="mixamorig_LeftArm-Matrix-animation-output-transform">
        <float_array id="mixamorig_LeftArm-Matrix-animation-output-transform-array" count="336">

0.750818 -0.360718 -0.553312 0.000000 0.115297 0.896420 -0.427946 13.782200 0.650368 0.257515 0.714638 -0.000000 0.000000 0.000000 0.000000 1.000000
0.762585 -0.359187 -0.538005 0.000000 0.127198 0.898704 -0.419705 13.782200 0.634260 0.251627 0.731026 0.000000 0.000000 0.000000 0.000000 1.000000
0.761875 -0.353977 -0.542445 -0.000000 0.135949 0.906198 -0.400403 13.782200 0.633297 0.231312 0.738532 0.000000 0.000000 0.000000 0.000000 1.000000
0.764706 -0.351177 -0.540278 0.000000 0.149372 0.912215 -0.381513 13.782200 0.626828 0.211043 0.750032 0.000000 0.000000 0.000000 0.000000 1.000000
0.777375 -0.358707 -0.516737 0.000000 0.148067 0.902737 -0.403909 13.782200 0.611362 0.237477 0.754878 -0.000000 0.000000 0.000000 0.000000 1.000000
0.776458 -0.372586 -0.508225 -0.000000 0.165476 0.898738 -0.406064 13.782200 0.608055 0.231193 0.759486 0.000000 0.000000 0.000000 0.000000 1.000000
0.775908 -0.369258 -0.511483 0.000000 0.209355 0.915562 -0.343391 13.782200 0.595094 0.159359 0.787698 0.000000 0.000000 0.000000 0.000000 1.000000
0.772463 -0.358014 -0.524524 0.000000 0.232421 0.928020 -0.291135 13.782200 0.591000 0.102981 0.800071 -0.000000 0.000000 0.000000 0.000000 1.000000
0.747346 -0.380242 -0.544876 0.000000 0.248671 0.920528 -0.301317 13.782200 0.616146 0.089693 0.782508 0.000000 0.000000 0.000000 0.000000 1.000000
0.723378 -0.366939 -0.584876 0.000000 0.220875 0.925559 -0.307496 13.782200 0.654170 0.093251 0.750577 0.000000 0.000000 0.000000 0.000000 1.000000
0.702120 -0.338486 -0.626462 0.000000 0.171737 0.934316 -0.312346 13.782200 0.691038 0.111718 0.714133 0.000000 0.000000 0.000000 0.000000 1.000000
0.677246 -0.320735 -0.662168 0.000000 0.127949 0.937610 -0.323289 13.782200 0.724546 0.134222 0.676030 0.000000 0.000000 0.000000 0.000000 1.000000
0.659135 -0.353035 -0.664009 0.000000 0.129564 0.923068 -0.362157 13.782200 0.740780 0.152679 0.654167 0.000000 0.000000 0.000000 0.000000 1.000000
0.659890 -0.370598 -0.653607 0.000000 0.133323 0.913846 -0.383550 13.782200 0.739439 0.165959 0.652447 0.000000 0.000000 0.000000 0.000000 1.000000
0.670787 -0.385160 -0.633795 -0.000000 0.135611 0.903865 -0.405757 13.782200 0.729146 0.186227 0.658532 0.000000 0.000000 0.000000 0.000000 1.000000
0.683426 -0.406907 -0.606098 -0.000000 0.135615 0.886564 -0.442282 13.782200 0.717312 0.220071 0.661083 0.000000 0.000000 0.000000 0.000000 1.000000
0.695031 -0.434084 -0.573152 0.000000 0.143300 0.864815 -0.481206 13.782200 0.704554 0.252320 0.663278 -0.000000 0.000000 0.000000 0.000000 1.000000
