<?xml version="1.0" encoding="utf-8"?>
<COLLADA xmlns="http://www.collada.org/2005/11/COLLADASchema" version="1.4.1">
  <asset>
    <contributor>
      <author>Mixamo</author>
      <authoring_tool>COLLADA Mixamo exporter</authoring_tool>
      <comments/>
    </contributor>
    <created>2024-12-16T09:33:51Z</created>
    <modified>2024-12-16T09:33:51Z</modified>
    <revision/>
    <title/>
    <unit meter="0.010000"/>
    <up_axis>Y_UP</up_axis>
  </asset>
  <library_animations>
    <animation id="mixamorig_Hips-anim" name="mixamorig_Hips">
      <source id="mixamorig_Hips-Matrix-animation-input">
        <float_array id="mixamorig_Hips-Matrix-animation-input-array" count="16">

0.000000 0.033333 0.066667 0.100000 0.133333 0.166667 0.200000 0.233333 0.266667 0.300000 0.333333 0.366667 0.400000 0.433333 0.466667 0.500000</float_array>
        <technique_common>
          <accessor source="#mixamorig_Hips-Matrix-animation-input-array" count="16">
            <param name="TIME" type="float"/>
          </accessor>
        </technique_common>
      </source>
      <source id="mixamorig_Hips-Matrix-animation-output-transform">
        <float_array id="mixamorig_Hips-Matrix-animation-output-transform-array" count="256">

0.825919 0.091473 -0.556319 -0.282192 -0.120877 0.992534 -0.016257 81.501343 0.550678 0.080673 0.830810 0.835753 0.000000 0.000000 0.000000 1.000000
0.855525 0.079895 -0.511559 -1.571320 -0.076289 0.996690 0.028079 83.335098 0.512110 0.015004 0.858789 0.415168 0.000000 0.000000 0.000000 1.000000
0.863402 0.086162 -0.497104 -2.437920 -0.090804 0.995758 0.014879 85.966431 0.496277 0.032292 0.867563 0.603038 0.000000 0.000000 0.000000 1.000000
0.846917 0.115994 -0.518919 -2.591171 -0.127860 0.991707 0.012999 88.907463 0.516123 0.055340 0.854725 0.828365 0.000000 0.000000 0.000000 1.000000
0.809757 0.162714 -0.563753 -1.925261 -0.182565 0.982959 0.021477 90.265678 0.557640 0.085530 0.825664 1.164964 0.000000 0.000000 0.000000 1.000000
0.774672 0.195935 -0.601242 -0.209588 -0.220042 0.974891 0.034188 88.610855 0.592845 0.105814 0.798335 1.062250 0.000000 0.000000 0.000000 1.000000
0.750631 0.211270 -0.626033 1.592050 -0.224194 0.972729 0.059457 85.398911 0.621522 0.095723 0.777526 1.007425 0.000000 0.000000 0.000000 1.000000
0.733699 0.219681 -0.642982 3.309470 -0.211723 0.973096 0.090873 82.524124 0.645646 0.069461 0.760471 0.948452 0.000000 0.000000 0.000000 1.000000
0.724377 0.213808 -0.655411 4.733668 -0.201965 0.974796 0.094781 82.199692 0.659157 0.063713 0.749302 0.966324 0.000000 0.000000 0.000000 1.000000
0.724306 0.185029 -0.664188 5.659025 -0.206062 0.977382 0.047566 84.426941 0.657967 0.102411 0.746051 1.301641 0.000000 0.000000 0.000000 1.000000
0.731534 0.142720 -0.666701 5.950094 -0.211080 0.977212 -0.022416 87.697311 0.648308 0.157125 0.744989 1.763767 0.000000 0.000000 0.000000 1.000000
0.749300 0.106881 -0.653548 5.481654 -0.196648 0.978286 -0.065471 90.016365 0.632359 0.177576 0.754048 1.805004 0.000000 0.000000 0.000000 1.000000
0.782677 0.079726 -0.617301 4.425380 -0.151743 0.986279 -0.065015 90.288597 0.603647 0.144557 0.784036 1.521408 0.000000 0.000000 0.000000 1.000000
0.818559 0.072223 -0.569864 2.841912 -0.099392 0.994909 -0.016675 86.815414 0.565758 0.070289 0.821570 0.889814 0.000000 0.000000 0.000000 1.000000
0.832603 0.075306 -0.548727 1.279864 -0.088448 0.996078 0.002494 83.515396 0.546762 0.046457 0.835998 0.725934 0.000000 0.000000 0.000000 1.000000
0.825919 0.091473 -0.556319 -0.282179 -0.120877 0.992534 -0.016257 81.501358 0.550678 0.080673 0.830810 0.835752 0.000000 0.000000 0.000000 1.000000</float_array>
        <technique_common>
          <accessor source="#mixamorig_Hips-Matrix-animation-output-transform-array" count="16" stride="16">
            <param type="float4x4"/>
          </accessor>
        </technique_common>
      </source>
      <source id="mixamorig_Hips-Interpolations">
        <Name_array id="mixamorig_Hips-Interpolations-array" count="16">
 LINEAR LINEAR LINEAR LINEAR LINEAR LINEAR LINEAR LINEAR LINEAR LINEAR LINEAR
LINEAR LINEAR LINEAR LINEAR LINEAR</Name_array>
        <technique_common>
          <accessor source="#mixamorig_Hips-Interpolations-array" count="16">
            <param type="name"/>
          </accessor>
        </technique_common>
      </source>
      <sampler id="mixamorig_Hips-Matrix-animation-transform">
        <input semantic="INPUT" source="#mixamorig_Hips-Matrix-animation-input"/>
        <input semantic="OUTPUT" source="#mixamorig_Hips-Matrix-animation-output-transform"/>
        <input semantic="INTERPOLATION" source="#mixamorig_Hips-Interpolations"/>
      </sampler>
      <channel source="#mixamorig_Hips-Matrix-animation-transform" target="mixamorig_Hips/matrix"/>
    </animation>
    <animation id="mixamorig_Spine-anim" name="mixamorig_Spine">
      <source id="mixamorig_Spine-Matrix-animation-input">
        <float_array id="mixamorig_Spine-Matrix-animation-input-array" count="16">

0.000000 0.033333 0.066667 0.100000 0.133333 0.166667 0.200000 0.233333 0.266667 0.300000 0.333333 0.366667 0.400000 0.433333 0.466667 0.500000</float_array>
        <technique_common>
          <accessor source="#mixamorig_Spine-Matrix-animation-input-array" count="16">
            <param name="TIME" type="float"/>
          </accessor>
        </technique_common>
      </source>
      <source id="mixamorig_Spine-Matrix-animation-output-transform">
        <float_array id="mixamorig_Spine-Matrix-animation-output-transform-array" count="256">

0.999521 -0.009382 -0.029507 0.000000 0.007148 0.997162 -0.074951 10.246800 0.030127 0.074704 0.996751 -1.182900 0.000000 0.000000 0.000000 1.000000
0.998523 0.050488 -0.020071 0.000000 -0.052201 0.993939 -0.096747 10.246800 0.015064 0.097652 0.995107 -1.182900 0.000000 0.000000 0.000000 1.000000
0.997272 0.073748 -0.003250 -0.000000 -0.073667 0.991421 -0.107975 10.246800 -0.004741 0.107919 0.994148 -1.182900 0.000000 0.000000 0.000000 1.000000
0.997495 0.070548 0.005109 0.000000 -0.069548 0.991397 -0.110887 10.246800 -0.012888 0.110254 0.993820 -1.182900 0.000000 0.000000 0.000000 1.000000
0.998638 0.051883 0.005426 -0.000000 -0.050941 0.992305 -0.112852 10.246800 -0.011240 0.112422 0.993597 -1.182900 0.000000 0.000000 0.000000 1.000000
0.999060 0.042662 0.007685 0.000000 -0.041354 0.991151 -0.126134 10.246800 -0.012999 0.125697 0.991983 -1.182900 0.000000 0.000000 0.000000 1.000000
0.999243 0.037553 0.010205 -0.000000 -0.035521 0.987284 -0.154948 10.246800 -0.015894 0.154468 0.987870 -1.182900 0.000000 0.000000 0.000000 1.000000
0.999724 0.023167 0.003870 0.000000 -0.022033 0.982052 -0.187317 10.246800 -0.008140 0.187180 0.982292 -1.182900 0.000000 0.000000 0.000000 1.000000
0.999882 -0.011427 -0.010220 0.000000 0.009171 0.980061 -0.198487 10.246800 0.012284 0.198370 0.980050 -1.182900 0.000000 0.000000 0.000000 1.000000
0.997784 -0.060545 -0.027603 -0.000000 0.054942 0.983647 -0.171525 10.246800 0.037536 0.169628 0.984793 -1.182900 0.000000 0.000000 0.000000 1.000000
0.994231 -0.096345 -0.047141 0.000000 0.090189 0.988818 -0.118768 10.246800 0.058056 0.113831 0.991802 -1.182900 0.000000 0.000000 0.000000 1.000000
0.992855 -0.101651 -0.062497 -0.000000 0.096976 0.992549 -0.073769 10.246800 0.069530 0.067181 0.995315 -1.182900 0.000000 0.000000 0.000000 1.000000
0.994779 -0.079946 -0.063430 -0.000000 0.076012 0.995165 -0.062197 10.246800 0.068096 0.057051 0.996046 -1.182900 0.000000 0.000000 0.000000 1.000000
0.997415 -0.051067 -0.050555 -0.000000 0.047027 0.995834 -0.078120 10.246800 0.054334 0.075541 0.995661 -1.182900 0.000000 0.000000 0.000000 1.000000
0.998881 -0.028450 -0.037770 -0.000000 0.025028 0.995789 -0.088187 10.246800 0.040119 0.087143 0.995388 -1.182900 0.000000 0.000000 0.000000 1.000000
0.999520 -0.009376 -0.029529 0.000000 0.007137 0.997156 -0.075026 10.246800 0.030148 0.074779 0.996744 -1.182900 0.000000 0.000000 0.000000 1.000000</float_array>
        <technique_common>
          <accessor source="#mixamorig_Spine-Matrix-animation-output-transform-array" count="16" stride="16">
            <param type="float4x4"/>
          </accessor>
        </technique_common>
      </source>
      <source id="mixamorig_Spine-Interpolations">
        <Name_array id="mixamorig_Spine-Interpolations-array" count="16">
 LINEAR LINEAR LINEAR LINEAR LINEAR LINEAR LINEAR LINEAR LINEAR LINEAR LINEAR
LINEAR LINEAR LINEAR LINEAR LINEAR</Name_array>
        <technique_common>
          <accessor source="#mixamorig_Spine-Interpolations-array" count="16">
            <param type="name"/>
          </accessor>
        </technique_common>
      </source>
      <sampler id="mixamorig_Spine-Matrix-animation-transform">
        <input semantic="INPUT" source="#mixamorig_Spine-Matrix-animation-input"/>
        <input semantic="OUTPUT" source="#mixamorig_Spine-Matrix-animation-output-transform"/>
        <input semantic="INTERPOLATION" source="#mixamorig_Spine-Interpolations"/>
      </sampler>
      <channel source="#mixamorig_Spine-Matrix-animation-transform" target="mixamorig_Spine/matrix"/>
    </animation>
    <animation id="mixamorig_Spine1-anim" name="mixamorig_Spine1">
      <source id="mixamorig_Spine1-Matrix-animation-input">
        <float_array id="mixamorig_Spine1-Matrix-animation-input-array" count="16">

0.000000 0.033333 0.066667 0.100000 0.133333 0.166667 0.200000 0.233333 0.266667 0.300000 0.333333 0.366667 0.400000 0.433333 0.466667 0.500000</float_array>
        <technique_common>
          <accessor source="#mixamorig_Spine1-Matrix-animation-input-array" count="16">
            <param name="TIME" type="float"/>
          </accessor>
        </technique_common>
      </source>
      <source id="mixamorig_Spine1-Matrix-animation-output-transform">
        <float_array id="mixamorig_Spine1-Matrix-animation-output-transform-array" count="256">

0.993443 -0.112152 -0.022201 0.000000 0.103128 0.962885 -0.249433 12.034000 0.049351 0.245508 0.968138 0.000000 0.000000 0.000000 0.000000 1.000000
0.992617 -0.120277 -0.015677 0.000000 0.112839 0.963089 -0.244391 12.034000 0.044493 0.240817 0.969550 0.000000 0.000000 0.000000 0.000000 1.000000
0.992708 -0.120523 0.002024 -0.000000 0.117311 0.962114 -0.246118 12.034000 0.027716 0.244561 0.969238 0.000000 0.000000 0.000000 0.000000 1.000000
0.993256 -0.115752 0.006692 -0.000000 0.113677 0.960839 -0.252715 12.034000 0.022822 0.251772 0.967518 0.000000 0.000000 0.000000 0.000000 1.000000
0.993672 -0.112267 -0.003617 0.000000 0.107525 0.960027 -0.258429 12.034000 0.032486 0.256405 0.966023 0.000000 0.000000 0.000000 0.000000 1.000000
0.993312 -0.115000 -0.010259 0.000000 0.108350 0.959173 -0.261242 12.034000 0.039883 0.258383 0.965219 0.000000 0.000000 0.000000 0.000000 1.000000
0.992700 -0.119807 -0.013874 0.000000 0.111901 0.957840 -0.264613 12.034000 0.044991 0.261129 0.964255 0.000000 0.000000 0.000000 0.000000 1.000000
0.992508 -0.118939 -0.027954 0.000000 0.107219 0.957575 -0.267496 12.034000 0.058584 0.262495 0.963153 0.000000 0.000000 0.000000 0.000000 1.000000
0.992238 -0.112575 -0.052827 0.000000 0.094925 0.960105 -0.263034 12.034000 0.080331 0.255977 0.963339 0.000000 0.000000 0.000000 0.000000 1.000000
0.990714 -0.110247 -0.079571 -0.000000 0.086935 0.963626 -0.252719 12.034000 0.104538 0.243455 0.964262 0.000000 0.000000 0.000000 0.000000 1.000000
0.987443 -0.119469 -0.103357 -0.000000 0.090899 0.964799 -0.246778 12.034000 0.129201 0.234285 0.963544 0.000000 0.000000 0.000000 0.000000 1.000000
0.984584 -0.129821 -0.117223 -0.000000 0.096561 0.962216 -0.254589 12.034000 0.145845 0.239346 0.959918 0.000000 0.000000 0.000000 0.000000 1.000000
0.986089 -0.126283 -0.108079 0.000000 0.093890 0.959734 -0.264756 12.034000 0.137161 0.250925 0.958240 0.000000 0.000000 0.000000 0.000000 1.000000
0.990677 -0.112256 -0.077180 -0.000000 0.088462 0.960953 -0.262192 12.034000 0.103599 0.252920 0.961924 0.000000 0.000000 0.000000 0.000000 1.000000
0.993576 -0.103545 -0.045666 0.000000 0.088744 0.963293 -0.253360 12.034000 0.070224 0.247680 0.966294 0.000000 0.000000 0.000000 0.000000 1.000000
0.993442 -0.112151 -0.022240 0.000000 0.103122 0.962908 -0.249348 12.034000 0.049380 0.245420 0.968158 0.000000 0.000000 0.000000 0.000000 1.000000</float_array>
        <technique_common>
          <accessor source="#mixamorig_Spine1-Matrix-animation-output-transform-array" count="16" stride="16">
            <param type="float4x4"/>
          </accessor>
        </technique_common>
      </source>
      <source id="mixamorig_Spine1-Interpolations">
        <Name_array id="mixamorig_Spine1-Interpolations-array" count="16">
 LINEAR LINEAR LINEAR LINEAR LINEAR LINEAR LINEAR LINEAR LINEAR LINEAR LINEAR
LINEAR LINEAR LINEAR LINEAR LINEAR</Name_array>
        <technique_common>
          <accessor source="#mixamorig_Spine1-Interpolations-array" count="16">
            <param type="name"/>
          </accessor>
        </technique_common>
      </source>
      <sampler id="mixamorig_Spine1-Matrix-animation-transform">
        <input semantic="INPUT" source="#mixamorig_Spine1-Matrix-animation-input"/>
        <input semantic="OUTPUT" source="#mixamorig_Spine1-Matrix-animation-output-transform"/>
        <input semantic="INTERPOLATION" source="#mixamorig_Spine1-Interpolations"/>
      </sampler>
      <channel source="#mixamorig_Spine1-Matrix-animation-transform" target="mixamorig_Spine1/matrix"/>
    </animation>
    <animation id="mixamorig_Spine2-anim" name="mixamorig_Spine2">
      <source id="mixamorig_Spine2-Matrix-animation-input">
        <float_array id="mixamorig_Spine2-Matrix-animation-input-array" count="16">

0.000000 0.033333 0.066667 0.100000 0.133333 0.166667 0.200000 0.233333 0.266667 0.300000 0.333333 0.366667 0.400000 0.433333 0.466667 0.500000</float_array>
        <technique_common>
          <accessor source="#mixamorig_Spine2-Matrix-animation-input-array" count="16">
            <param name="TIME" type="float"/>
          </accessor>
        </technique_common>
      </source>
      <source id="mixamorig_Spine2-Matrix-animation-output-transform">
        <float_array id="mixamorig_Spine2-Matrix-animation-output-transform-array" count="256">

0.994864 -0.101216 0.000697 0.000000 0.098171 0.963205 -0.250199 13.753100 0.024652 0.248983 0.968194 0.000000 0.000000 0.000000 0.000000 1.000000
0.994556 -0.103573 0.011426 -0.000000 0.103174 0.963453 -0.247211 13.753100 0.014596 0.247044 0.968894 0.000000 0.000000 0.000000 0.000000 1.000000
0.994023 -0.104825 0.030500 0.000000 0.109120 0.962615 -0.247922 13.753100 -0.003372 0.249769 0.968300 0.000000 0.000000 0.000000 0.000000 1.000000
0.993651 -0.107313 0.033784 -0.000000 0.112372 0.961293 -0.251573 13.753100 -0.005479 0.253773 0.967248 0.000000 0.000000 0.000000 0.000000 1.000000
0.993164 -0.114733 0.021506 -0.000000 0.116428 0.960357 -0.253297 13.753100 0.008408 0.254069 0.967150 0.000000 0.000000 0.000000 0.000000 1.000000
0.991864 -0.126505 0.014219 0.000000 0.125984 0.959428 -0.252243 13.753100 0.018268 0.251983 0.967559 0.000000 0.000000 0.000000 0.000000 1.000000
0.990478 -0.137279 0.010396 0.000000 0.135431 0.958002 -0.252768 13.753100 0.024741 0.251769 0.967471 0.000000 0.000000 0.000000 0.000000 1.000000
0.990021 -0.140827 -0.005127 -0.000000 0.134909 0.957675 -0.254282 13.753100 0.040720 0.251052 0.967117 0.000000 0.000000 0.000000 0.000000 1.000000
0.989982 -0.137444 -0.032308 0.000000 0.125149 0.960159 -0.249866 13.753100 0.065363 0.243319 0.967741 0.000000 0.000000 0.000000 0.000000 1.000000
0.988886 -0.135630 -0.060896 -0.000000 0.117407 0.963694 -0.239813 13.753100 0.091211 0.229998 0.968907 0.000000 0.000000 0.000000 0.000000 1.000000
0.986159 -0.142312 -0.085076 -0.000000 0.119098 0.964993 -0.233676 13.753100 0.115353 0.220310 0.968585 -0.000000 0.000000 0.000000 0.000000 1.000000
0.984153 -0.147166 -0.098916 0.000000 0.119636 0.962827 -0.242180 13.753100 0.130880 0.226508 0.965176 0.000000 0.000000 0.000000 0.000000 1.000000
0.986741 -0.135282 -0.089669 0.000000 0.108457 0.960628 -0.255794 13.753100 0.120742 0.242677 0.962564 0.000000 0.000000 0.000000 0.000000 1.000000
0.992072 -0.111520 -0.057931 0.000000 0.093053 0.961709 -0.257794 13.753100 0.084462 0.250359 0.964462 0.000000 0.000000 0.000000 0.000000 1.000000
0.995056 -0.096113 -0.025013 0.000000 0.086760 0.963817 -0.252050 13.753100 0.048334 0.248634 0.967391 0.000000 0.000000 0.000000 0.000000 1.000000
0.994863 -0.101224 0.000656 -0.000000 0.098170 0.963226 -0.250116 13.753100 0.024686 0.248895 0.968216 -0.000000 0.000000 0.000000 0.000000 1.000000</float_array>
        <technique_common>
          <accessor source="#mixamorig_Spine2-Matrix-animation-output-transform-array" count="16" stride="16">
            <param type="float4x4"/>
          </accessor>
        </technique_common>
      </source>
      <source id="mixamorig_Spine2-Interpolations">
        <Name_array id="mixamorig_Spine2-Interpolations-array" count="16">
 LINEAR LINEAR LINEAR LINEAR LINEAR LINEAR LINEAR LINEAR LINEAR LINEAR LINEAR
LINEAR LINEAR LINEAR LINEAR LINEAR</Name_array>
        <technique_common>
          <accessor source="#mixamorig_Spine2-Interpolations-array" count="16">
            <param type="name"/>
          </accessor>
        </technique_common>
      </source>
      <sampler id="mixamorig_Spine2-Matrix-animation-transform">
        <input semantic="INPUT" source="#mixamorig_Spine2-Matrix-animation-input"/>
        <input semantic="OUTPUT" source="#mixamorig_Spine2-Matrix-animation-output-transform"/>
        <input semantic="INTERPOLATION" source="#mixamorig_Spine2-Interpolations"/>
      </sampler>
      <channel source="#mixamorig_Spine2-Matrix-animation-transform" target="mixamorig_Spine2/matrix"/>
    </animation>
    <animation id="mixamorig_Neck-anim" name="mixamorig_Neck">
      <source id="mixamorig_Neck-Matrix-animation-input">
        <float_array id="mixamorig_Neck-Matrix-animation-input-array" count="16">

0.000000 0.033333 0.066667 0.100000 0.133333 0.166667 0.200000 0.233333 0.266667 0.300000 0.333333 0.366667 0.400000 0.433333 0.466667 0.500000</float_array>
        <technique_common>
          <accessor source="#mixamorig_Neck-Matrix-animation-input-array" count="16">
            <param name="TIME" type="float"/>
          </accessor>
        </technique_common>
      </source>
      <source id="mixamorig_Neck-Matrix-animation-output-transform">
        <float_array id="mixamorig_Neck-Matrix-animation-output-transform-array" count="256">

0.995707 0.055790 0.073855 -0.000000 -0.068320 0.981327 0.179803 15.472300 -0.062445 -0.184077 0.980926 0.000000 0.000000 0.000000 0.000000 1.000000
0.996386 0.056595 0.063335 -0.000000 -0.066597 0.983366 0.168984 15.472300 -0.052717 -0.172591 0.983582 0.000000 0.000000 0.000000 0.000000 1.000000
0.997025 0.052784 0.056164 0.000000 -0.061561 0.983827 0.168208 15.472300 -0.046377 -0.171165 0.984150 0.000000 0.000000 0.000000 0.000000 1.000000
0.997035 0.048656 0.059607 0.000000 -0.058167 0.983734 0.169952 15.472300 -0.050368 -0.172915 0.983648 -0.000000 0.000000 0.000000 0.000000 1.000000
0.996479 0.042477 0.072288 -0.000000 -0.054554 0.983183 0.174283 15.472300 -0.063669 -0.177613 0.982039 0.000000 0.000000 0.000000 0.000000 1.000000
0.995889 0.037852 0.082292 0.000000 -0.052199 0.982304 0.179871 15.472300 -0.074027 -0.183427 0.980242 -0.000000 0.000000 0.000000 0.000000 1.000000
0.995326 0.038829 0.088421 0.000000 -0.054588 0.981510 0.183463 15.472300 -0.079662 -0.187432 0.979042 -0.000000 0.000000 0.000000 0.000000 1.000000
0.994311 0.045061 0.096515 -0.000000 -0.061975 0.981685 0.180150 15.472300 -0.086630 -0.185107 0.978893 0.000000 0.000000 0.000000 0.000000 1.000000
0.992744 0.055034 0.106913 0.000000 -0.072922 0.982504 0.171370 15.472300 -0.095611 -0.177923 0.979389 0.000000 0.000000 0.000000 0.000000 1.000000
0.991279 0.061471 0.116561 0.000000 -0.080734 0.982389 0.168507 15.472300 -0.104150 -0.176448 0.978784 -0.000000 0.000000 0.000000 0.000000 1.000000
0.989973 0.066458 0.124644 0.000000 -0.087244 0.981657 0.169522 15.472300 -0.111092 -0.178697 0.977612 0.000000 0.000000 0.000000 0.000000 1.000000
0.989479 0.069227 0.127040 0.000000 -0.090911 0.980588 0.173732 15.472300 -0.112547 -0.183454 0.976564 -0.000000 0.000000 0.000000 0.000000 1.000000
0.990873 0.067525 0.116670 -0.000000 -0.088097 0.979472 0.181312 15.472300 -0.102032 -0.189935 0.976481 0.000000 0.000000 0.000000 0.000000 1.000000
0.993407 0.064549 0.094739 -0.000000 -0.081086 0.979828 0.182651 15.472300 -0.081038 -0.189129 0.978603 0.000000 0.000000 0.000000 0.000000 1.000000
0.995071 0.060013 0.078946 0.000000 -0.073533 0.980663 0.181366 15.472300 -0.066536 -0.186277 0.980242 0.000000 0.000000 0.000000 0.000000 1.000000
0.995707 0.055805 0.073854 0.000000 -0.068335 0.981328 0.179792 15.472300 -0.062442 -0.184067 0.980928 -0.000000 0.000000 0.000000 0.000000 1.000000</float_array>
        <technique_common>
          <accessor source="#mixamorig_Neck-Matrix-animation-output-transform-array" count="16" stride="16">
            <param type="float4x4"/>
          </accessor>
        </technique_common>
      </source>
      <source id="mixamorig_Neck-Interpolations">
        <Name_array id="mixamorig_Neck-Interpolations-array" count="16">
 LINEAR LINEAR LINEAR LINEAR LINEAR LINEAR LINEAR LINEAR LINEAR LINEAR LINEAR
LINEAR LINEAR LINEAR LINEAR LINEAR</Name_array>
        <technique_common>
          <accessor source="#mixamorig_Neck-Interpolations-array" count="16">
            <param type="name"/>
          </accessor>
        </technique_common>
      </source>
      <sampler id="mixamorig_Neck-Matrix-animation-transform">
        <input semantic="INPUT" source="#mixamorig_Neck-Matrix-animation-input"/>
        <input semantic="OUTPUT" source="#mixamorig_Neck-Matrix-animation-output-transform"/>
        <input semantic="INTERPOLATION" source="#mixamorig_Neck-Interpolations"/>
      </sampler>
      <channel source="#mixamorig_Neck-Matrix-animation-transform" target="mixamorig_Neck/matrix"/>
    </animation>
    <animation id="mixamorig_Head-anim" name="mixamorig_Head">
      <source id="mixamorig_Head-Matrix-animation-input">
        <float_array id="mixamorig_Head-Matrix-animation-input-array" count="16">

0.000000 0.033333 0.066667 0.100000 0.133333 0.166667 0.200000 0.233333 0.266667 0.300000 0.333333 0.366667 0.400000 0.433333 0.466667 0.500000</float_array>
        <technique_common>
          <accessor source="#mixamorig_Head-Matrix-animation-input-array" count="16">
            <param name="TIME" type="float"/>
          </accessor>
        </technique_common>
      </source>
      <source id="mixamorig_Head-Matrix-animation-output-transform">
        <float_array id="mixamorig_Head-Matrix-animation-output-transform-array" count="256">

0.883346 0.072082 0.463146 -0.000000 -0.092099 0.995534 0.020718 6.121700 -0.459584 -0.060956 0.886040 2.117600 0.000000 0.000000 0.000000 1.000000
0.907305 0.062701 0.415771 -0.000000 -0.058164 0.998028 -0.023581 6.121700 -0.416430 -0.002788 0.909164 2.117600 0.000000 0.000000 0.000000 1.000000
0.920196 0.033946 0.389984 0.000000 -0.029822 0.999417 -0.016627 6.121700 -0.390321 0.003670 0.920671 2.117600 0.000000 0.000000 0.000000 1.000000
0.910809 0.015684 0.412530 0.000000 -0.015869 0.999870 -0.002979 6.121700 -0.412523 -0.003833 0.910939 2.117600 0.000000 0.000000 0.000000 1.000000
0.879911 0.004723 0.475116 -0.000000 -0.016054 0.999675 0.019795 6.121700 -0.474868 -0.025046 0.879700 2.117600 0.000000 0.000000 0.000000 1.000000
0.853298 -0.001684 0.521421 0.000000 -0.026446 0.998568 0.046504 6.121700 -0.520753 -0.053471 0.852031 2.117600 0.000000 0.000000 0.000000 1.000000
0.838713 0.013952 0.544394 -0.000000 -0.052420 0.997098 0.055206 6.121700 -0.542044 -0.074840 0.837011 2.117600 0.000000 0.000000 0.000000 1.000000
0.820063 0.057183 0.569409 -0.000000 -0.083125 0.996345 0.019658 6.121700 -0.566204 -0.063452 0.821820 2.117600 0.000000 0.000000 0.000000 1.000000
0.794800 0.119265 0.595036 0.000000 -0.112721 0.992449 -0.048357 6.121700 -0.596311 -0.028639 0.802243 2.117600 0.000000 0.000000 0.000000 1.000000
0.767339 0.164273 0.619843 0.000000 -0.145065 0.986040 -0.081739 6.121700 -0.624617 -0.027196 0.780457 2.117600 0.000000 0.000000 0.000000 1.000000
0.742050 0.200562 0.639638 0.000000 -0.179309 0.978810 -0.098893 6.121700 -0.645918 -0.041309 0.762288 2.117600 0.000000 0.000000 0.000000 1.000000
0.734433 0.215851 0.643442 0.000000 -0.205167 0.974330 -0.092671 6.121700 -0.646928 -0.063952 0.759865 2.117600 0.000000 0.000000 0.000000 1.000000
0.768572 0.190981 0.610593 0.000000 -0.204635 0.977650 -0.048209 6.121700 -0.606153 -0.087896 0.790476 2.117600 0.000000 0.000000 0.000000 1.000000
0.833630 0.144760 0.533016 0.000000 -0.162127 0.986665 -0.014400 6.121700 -0.527992 -0.074412 0.845983 2.117600 0.000000 0.000000 0.000000 1.000000
0.873337 0.099968 0.476748 0.000000 -0.117253 0.993080 0.006555 6.121700 -0.472794 -0.061625 0.879015 2.117600 0.000000 0.000000 0.000000 1.000000
0.883347 0.072068 0.463147 -0.000000 -0.092090 0.995535 0.020730 6.121700 -0.459585 -0.060963 0.886039 2.117600 0.000000 0.000000 0.000000 1.000000</float_array>
        <technique_common>
          <accessor source="#mixamorig_Head-Matrix-animation-output-transform-array" count="16" stride="16">
            <param type="float4x4"/>
          </accessor>
        </technique_common>
      </source>
      <source id="mixamorig_Head-Interpolations">
        <Name_array id="mixamorig_Head-Interpolations-array" count="16">
 LINEAR LINEAR LINEAR LINEAR LINEAR LINEAR LINEAR LINEAR LINEAR LINEAR LINEAR
LINEAR LINEAR LINEAR LINEAR LINEAR</Name_array>
        <technique_common>
          <accessor source="#mixamorig_Head-Interpolations-array" count="16">
            <param type="name"/>
          </accessor>
        </technique_common>
      </source>
      <sampler id="mixamorig_Head-Matrix-animation-transform">
        <input semantic="INPUT" source="#mixamorig_Head-Matrix-animation-input"/>
        <input semantic="OUTPUT" source="#mixamorig_Head-Matrix-animation-output-transform"/>
        <input semantic="INTERPOLATION" source="#mixamorig_Head-Interpolations"/>
      </sampler>
      <channel source="#mixamorig_Head-Matrix-animation-transform" target="mixamorig_Head/matrix"/>
    </animation>
    <animation id="mixamorig_LeftShoulder-anim" name="mixamorig_LeftShoulder">
      <source id="mixamorig_LeftShoulder-Matrix-animation-input">
        <float_array id="mixamorig_LeftShoulder-Matrix-animation-input-array" count="16">

0.000000 0.033333 0.066667 0.100000 0.133333 0.166667 0.200000 0.233333 0.266667 0.300000 0.333333 0.366667 0.400000 0.433333 0.466667 0.500000</float_array>
        <technique_common>
          <accessor source="#mixamorig_LeftShoulder-Matrix-animation-input-array" count="16">
            <param name="TIME" type="float"/>
          </accessor>
        </technique_common>
      </source>
      <source id="mixamorig_LeftShoulder-Matrix-animation-output-transform">
        <float_array id="mixamorig_LeftShoulder-Matrix-animation-output-transform-array" count="256">

0.201220 0.942640 -0.266346 6.584100 0.113194 -0.292463 -0.949554 13.677400 -0.972984 0.160920 -0.165551 -0.199400 0.000000 0.000000 0.000000 1.000000
0.348344 0.901649 -0.256293 6.584100 0.092778 -0.305240 -0.947745 13.677400 -0.932764 0.306363 -0.189982 -0.199400 0.000000 0.000000 0.000000 1.000000
0.406075 0.878644 -0.251174 6.584100 0.084182 -0.309653 -0.947116 13.677400 -0.909954 0.363456 -0.199708 -0.199400 0.000000 0.000000 0.000000 1.000000
0.415259 0.874474 -0.250710 6.584100 0.081333 -0.310181 -0.947192 13.677400 -0.906060 0.372939 -0.199929 -0.199400 0.000000 0.000000 0.000000 1.000000
0.426851 0.869207 -0.249557 6.584100 0.079639 -0.311018 -0.947061 13.677400 -0.900809 0.384379 -0.201981 -0.199400 0.000000 0.000000 0.000000 1.000000
0.367371 0.892574 -0.261438 6.584100 0.062152 -0.304024 -0.950635 13.677400 -0.927996 0.332986 -0.167165 -0.199400 0.000000 0.000000 0.000000 1.000000
0.296757 0.915829 -0.270540 6.584100 0.040765 -0.295193 -0.954568 13.677400 -0.954082 0.272246 -0.124935 -0.199400 0.000000 0.000000 0.000000 1.000000
0.223466 0.935286 -0.274413 6.584100 0.017966 -0.285437 -0.958229 13.677400 -0.974546 0.209202 -0.080589 -0.199400 0.000000 0.000000 0.000000 1.000000
0.148843 0.950626 -0.272315 6.584100 0.004262 -0.275997 -0.961149 13.677400 -0.988852 0.141900 -0.045131 -0.199400 0.000000 0.000000 0.000000 1.000000
0.047454 0.963288 -0.264244 6.584100 0.008447 -0.264920 -0.964233 13.677400 -0.998838 0.043524 -0.020708 -0.199400 0.000000 0.000000 0.000000 1.000000
-0.052582 0.965427 -0.255315 6.584100 0.023659 -0.254393 -0.966811 13.677400 -0.998336 -0.056877 -0.009464 -0.199400 0.000000 0.000000 0.000000 1.000000
-0.116040 0.960870 -0.251524 6.584100 0.042229 -0.248233 -0.967780 13.677400 -0.992346 -0.122922 -0.011772 -0.199400 0.000000 0.000000 0.000000 1.000000
-0.109396 0.960875 -0.254463 6.584100 0.052054 -0.250111 -0.966817 13.677400 -0.992634 -0.119012 -0.022656 -0.199400 0.000000 0.000000 0.000000 1.000000
0.073743 0.960615 -0.267918 6.584100 0.038673 -0.271202 -0.961745 13.677400 -0.996527 0.060561 -0.057149 -0.199400 0.000000 0.000000 0.000000 1.000000
0.175492 0.946607 -0.270439 6.584100 0.064163 -0.285116 -0.956343 13.677400 -0.982388 0.150478 -0.110773 -0.199400 0.000000 0.000000 0.000000 1.000000
0.201219 0.942640 -0.266346 6.584100 0.113194 -0.292462 -0.949554 13.677400 -0.972984 0.160920 -0.165550 -0.199400 0.000000 0.000000 0.000000 1.000000</float_array>
        <technique_common>
          <accessor source="#mixamorig_LeftShoulder-Matrix-animation-output-transform-array" count="16" stride="16">
            <param type="float4x4"/>
          </accessor>
        </technique_common>
      </source>
      <source id="mixamorig_LeftShoulder-Interpolations">
        <Name_array id="mixamorig_LeftShoulder-Interpolations-array" count="16">
 LINEAR LINEAR LINEAR LINEAR LINEAR LINEAR LINEAR LINEAR LINEAR LINEAR LINEAR
LINEAR LINEAR LINEAR LINEAR LINEAR</Name_array>
        <technique_common>
          <accessor source="#mixamorig_LeftShoulder-Interpolations-array" count="16">
            <param type="name"/>
          </accessor>
        </technique_common>
      </source>
      <sampler id="mixamorig_LeftShoulder-Matrix-animation-transform">
        <input semantic="INPUT" source="#mixamorig_LeftShoulder-Matrix-animation-input"/>
        <input semantic="OUTPUT" source="#mixamorig_LeftShoulder-Matrix-animation-output-transform"/>
        <input semantic="INTERPOLATION" source="#mixamorig_LeftShoulder-Interpolations"/>
      </sampler>
      <channel source="#mixamorig_LeftShoulder-Matrix-animation-transform" target="mixamorig_LeftShoulder/matrix"/>
    </animation>
    <animation id="mixamorig_LeftArm-anim" name="mixamorig_LeftArm">
      <source id="mixamorig_LeftArm-Matrix-animation-input">
        <float_array id="mixamorig_LeftArm-Matrix-animation-input-array" count="16">

0.000000 0.033333 0.066667 0.100000 0.133333 0.166667 0.200000 0.233333 0.266667 0.300000 0.333333 0.366667 0.400000 0.433333 0.466667 0.500000</float_array>
        <technique_common>
          <accessor source="#mixamorig_LeftArm-Matrix-animation-input-array" count="16">
            <param name="TIME" type="float"/>
          </accessor>
        </technique_common>
      </source>
      <source id="mixamorig_LeftArm-Matrix-animation-output-transform">
        <float_array id="mixamorig_LeftArm-Matrix-animation-output-transform-array" count="256">

0.536942 -0.690703 -0.484378 0.000000 0.347883 0.704359 -0.618753 13.782200 0.768551 0.163728 0.618484 0.000000 0.000000 0.000000 0.000000 1.000000
0.553374 -0.627055 -0.548251 -0.000000 0.317481 0.767317 -0.557162 13.782200 0.770054 0.134260 0.623691 -0.000000 0.000000 0.000000 0.000000 1.000000
0.544184 -0.615165 -0.570470 0.000000 0.325092 0.781460 -0.532574 13.782200 0.773420 0.104363 0.625243 0.000000 0.000000 0.000000 0.000000 1.000000
0.549531 -0.577479 -0.603767 0.000000 0.282840 0.808582 -0.515943 13.782200 0.786141 0.112757 0.607675 0.000000 0.000000 0.000000 0.000000 1.000000
0.574246 -0.452011 -0.682589 0.000000 0.139814 0.875662 -0.462242 13.782200 0.806656 0.170005 0.566043 0.000000 0.000000 0.000000 0.000000 1.000000
0.607755 -0.437925 -0.662462 0.000000 0.114817 0.873896 -0.472359 13.782200 0.785781 0.211017 0.581395 0.000000 0.000000 0.000000 0.000000 1.000000
0.641490 -0.454056 -0.618323 0.000000 0.124590 0.856984 -0.500056 13.782200 0.756947 0.243744 0.606317 0.000000 0.000000 0.000000 0.000000 1.000000
0.678488 -0.449218 -0.581255 0.000000 0.117525 0.847426 -0.517742 13.782200 0.725150 0.282970 0.627762 0.000000 0.000000 0.000000 0.000000 1.000000
0.718564 -0.427108 -0.548858 -0.000000 0.080871 0.835162 -0.544027 13.782200 0.690743 0.346531 0.634657 0.000000 0.000000 0.000000 0.000000 1.000000
0.749716 -0.442214 -0.492314 0.000000 0.040606 0.773285 -0.632756 13.782200 0.660513 0.454397 0.597701 0.000000 0.000000 0.000000 0.000000 1.000000
0.768866 -0.473104 -0.430137 -0.000000 0.011029 0.682423 -0.730875 13.782200 0.639315 0.557201 0.529910 0.000000 0.000000 0.000000 0.000000 1.000000
0.753390 -0.529955 -0.389295 0.000000 0.008809 0.600099 -0.799878 13.782200 0.657514 0.599191 0.456777 0.000000 0.000000 0.000000 0.000000 1.000000
0.694516 -0.621986 -0.361636 0.000000 0.070434 0.559000 -0.826171 13.782200 0.716021 0.548318 0.432043 0.000000 0.000000 0.000000 0.000000 1.000000
0.621010 -0.655927 -0.429076 0.000000 0.161674 0.642853 -0.748733 13.782200 0.766947 0.395600 0.505265 0.000000 0.000000 0.000000 0.000000 1.000000
0.563215 -0.687753 -0.458022 -0.000000 0.279898 0.680319 -0.677365 13.782200 0.777461 0.253303 0.575667 0.000000 0.000000 0.000000 0.000000 1.000000
0.537071 -0.690585 -0.484404 -0.000000 0.347754 0.704448 -0.618725 13.782200 0.768519 0.163846 0.618492 0.000000 0.000000 0.000000 0.000000 1.000000</float_array>
        <technique_common>
          <accessor source="#mixamorig_LeftArm-Matrix-animation-output-transform-array" count="16" stride="16">
            <param type="float4x4"/>
          </accessor>
        </technique_common>
      </source>
      <source id="mixamorig_LeftArm-Interpolations">
        <Name_array id="mixamorig_LeftArm-Interpolations-array" count="16">
 LINEAR LINEAR LINEAR LINEAR LINEAR LINEAR LINEAR LINEAR LINEAR LINEAR LINEAR
LINEAR LINEAR LINEAR LINEAR LINEAR</Name_array>
        <technique_common>
          <accessor source="#mixamorig_LeftArm-Interpolations-array" count="16">
            <param type="name"/>
          </accessor>
        </technique_common>
      </source>
      <sampler id="mixamorig_LeftArm-Matrix-animation-transform">
        <input semantic="INPUT" source="#mixamorig_LeftArm-Matrix-animation-input"/>
        <input semantic="OUTPUT" source="#mixamorig_LeftArm-Matrix-animation-output-transform"/>
        <input semantic="INTERPOLATION" source="#mixamorig_LeftArm-Interpolations"/>
      </sampler>
      <channel source="#mixamorig_LeftArm-Matrix-animation-transform" target="mixamorig_LeftArm/matrix"/>
    </animation>
    <animation id="mixamorig_LeftForeArm-anim" name="mixamorig_LeftForeArm">
      <source id="mixamorig_LeftForeArm-Matrix-animation-input">
        <float_array id="mixamorig_LeftForeArm-Matrix-animation-input-array" count="16">

0.000000 0.033333 0.066667 0.100000 0.133333 0.166667 0.200000 0.233333 0.266667 0.300000 0.333333 0.366667 0.400000 0.433333 0.466667 0.500000</float_array>
        <technique_common>
          <accessor source="#mixamorig_LeftForeArm-Matrix-animation-input-array" count="16">
            <param name="TIME" type="float"/>
          </accessor>
        </technique_common>
      </source>
      <source id="mixamorig_LeftForeArm-Matrix-animation-output-transform">
        <float_array id="mixamorig_LeftForeArm-Matrix-animation-output-transform-array" count="256">

0.108778 -0.976078 -0.188250 0.083300 -0.390195 0.132250 -0.911185 25.861601 0.914284 0.172571 -0.366475 0.071400 0.000000 0.000000 0.000000 1.000000
0.077107 -0.969067 -0.234444 0.083300 -0.419611 0.181763 -0.889319 25.861601 0.904423 0.166948 -0.392616 0.071400 0.000000 0.000000 0.000000 1.000000
0.095896 -0.976827 -0.191347 0.083300 -0.421030 0.134384 -0.897037 25.861601 0.901963 0.166585 -0.398386 0.071400 0.000000 0.000000 0.000000 1.000000
0.121105 -0.981121 -0.150784 0.083300 -0.416905 0.087581 -0.904721 25.861601 0.900846 0.172429 -0.398427 0.071400 0.000000 0.000000 0.000000 1.000000
0.173019 -0.983912 -0.044507 0.083300 -0.436526 -0.036098 -0.898967 25.861601 0.882898 0.174967 -0.435749 0.071400 0.000000 0.000000 0.000000 1.000000
0.196042 -0.980595 0.000851 0.083300 -0.445416 -0.089821 -0.890807 25.861601 0.873597 0.174256 -0.454381 0.071400 0.000000 0.000000 0.000000 1.000000
0.203060 -0.979060 0.014449 0.083300 -0.442019 -0.104824 -0.890860 25.861601 0.873719 0.174511 -0.454049 0.071400 0.000000 0.000000 0.000000 1.000000
0.206729 -0.978116 0.023484 0.083300 -0.448499 -0.116069 -0.886215 25.861601 0.869547 0.172674 -0.462679 0.071400 0.000000 0.000000 0.000000 1.000000
0.215016 -0.975772 0.040461 0.083300 -0.475324 -0.140752 -0.868479 25.861601 0.853133 0.167505 -0.494072 0.071400 0.000000 0.000000 0.000000 1.000000
0.221134 -0.974123 0.046735 0.083300 -0.481937 -0.150814 -0.863129 25.861601 0.847842 0.168344 -0.502816 0.071400 0.000000 0.000000 0.000000 1.000000
0.212243 -0.976901 0.024853 0.083300 -0.484276 -0.127236 -0.865614 25.861601 0.848781 0.171685 -0.500095 0.071400 0.000000 0.000000 0.000000 1.000000
0.184778 -0.982328 -0.029818 0.083300 -0.484299 -0.064613 -0.872514 25.861601 0.855168 0.175662 -0.487679 0.071400 0.000000 0.000000 0.000000 1.000000
0.146077 -0.983865 -0.103302 0.083300 -0.478239 0.021179 -0.877974 25.861601 0.865996 0.177655 -0.467429 0.071400 0.000000 0.000000 0.000000 1.000000
0.104362 -0.976470 -0.188717 0.083300 -0.447103 0.123433 -0.885925 25.861601 0.888373 0.176833 -0.423701 0.071400 0.000000 0.000000 0.000000 1.000000
0.084684 -0.968313 -0.234944 0.083300 -0.414954 0.180099 -0.891839 25.861601 0.905893 0.173016 -0.386554 0.071400 0.000000 0.000000 0.000000 1.000000
0.108805 -0.976087 -0.188190 0.083300 -0.390195 0.132183 -0.911194 25.861601 0.914281 0.172573 -0.366483 0.071400 0.000000 0.000000 0.000000 1.000000</float_array>
        <technique_common>
          <accessor source="#mixamorig_LeftForeArm-Matrix-animation-output-transform-array" count="16" stride="16">
            <param type="float4x4"/>
          </accessor>
        </technique_common>
      </source>
      <source id="mixamorig_LeftForeArm-Interpolations">
        <Name_array id="mixamorig_LeftForeArm-Interpolations-array" count="16">
 LINEAR LINEAR LINEAR LINEAR LINEAR LINEAR LINEAR LINEAR LINEAR LINEAR LINEAR
LINEAR LINEAR LINEAR LINEAR LINEAR</Name_array>
        <technique_common>
          <accessor source="#mixamorig_LeftForeArm-Interpolations-array" count="16">
            <param type="name"/>
          </accessor>
        </technique_common>
      </source>
      <sampler id="mixamorig_LeftForeArm-Matrix-animation-transform">
        <input semantic="INPUT" source="#mixamorig_LeftForeArm-Matrix-animation-input"/>
        <input semantic="OUTPUT" source="#mixamorig_LeftForeArm-Matrix-animation-output-transform"/>
        <input semantic="INTERPOLATION" source="#mixamorig_LeftForeArm-Interpolations"/>
      </sampler>
      <channel source="#mixamorig_LeftForeArm-Matrix-animation-transform" target="mixamorig_LeftForeArm/matrix"/>
    </animation>
    <animation id="mixamorig_LeftHand-anim" name="mixamorig_LeftHand">
      <source id="mixamorig_LeftHand-Matrix-animation-input">
        <float_array id="mixamorig_LeftHand-Matrix-animation-input-array" count="16">

0.000000 0.033333 0.066667 0.100000 0.133333 0.166667 0.200000 0.233333 0.266667 0.300000 0.333333 0.366667 0.400000 0.433333 0.466667 0.500000</float_array>
        <technique_common>
