<?xml version="1.0" encoding="utf-8"?>
<COLLADA xmlns="http://www.collada.org/2005/11/COLLADASchema" version="1.4.1">
  <asset>
    <contributor>
      <author>Mixamo</author>
      <authoring_tool>COLLADA Mixamo exporter</authoring_tool>
      <comments/>
    </contributor>
    <created>2024-12-20T04:20:27Z</created>
    <modified>2024-12-20T04:20:27Z</modified>
    <revision/>
    <title/>
    <unit meter="0.010000"/>
    <up_axis>Y_UP</up_axis>
  </asset>
  <library_animations>
    <animation id="mixamorig_Hips-anim" name="mixamorig_Hips">
      <source id="mixamorig_Hips-Matrix-animation-input">
        <float_array id="mixamorig_Hips-Matrix-animation-input-array" count="20">

0.000000 0.033333 0.066667 0.100000 0.133333 0.166667 0.200000 0.233333 0.266667 0.300000 0.333333 0.366667 0.400000 0.433333 0.466667 0.500000
0.533333 0.566667 0.600000 0.633333</float_array>
        <technique_common>
          <accessor source="#mixamorig_Hips-Matrix-animation-input-array" count="20">
            <param name="TIME" type="float"/>
          </accessor>
        </technique_common>
      </source>
      <source id="mixamorig_Hips-Matrix-animation-output-transform">
        <float_array id="mixamorig_Hips-Matrix-animation-output-transform-array" count="320">

0.994787 0.069082 0.075013 -1.040950 0.003720 0.710511 -0.703677 77.919975 -0.101909 0.700287 0.706550 2.270823 0.000000 0.000000 0.000000 1.000000
0.995702 0.048563 0.078867 -0.924254 0.020526 0.714644 -0.699187 78.391998 -0.090317 0.697801 0.710575 0.461280 0.000000 0.000000 0.000000 1.000000
0.994833 0.035103 0.095263 -0.860820 0.041262 0.717532 -0.695302 78.802910 -0.092761 0.695640 0.712376 -0.489803 0.000000 0.000000 0.000000 1.000000
0.992452 0.038673 0.116373 -0.740521 0.052877 0.721267 -0.690635 78.963776 -0.110645 0.691576 0.713779 -0.531835 0.000000 0.000000 0.000000 1.000000
0.989246 0.058875 0.133886 -0.590480 0.049269 0.727759 -0.684061 78.965233 -0.137711 0.683301 0.717032 0.061265 0.000000 0.000000 0.000000 1.000000
0.986539 0.087310 0.138265 -0.136345 0.029382 0.737125 -0.675117 79.168060 -0.160863 0.670092 0.724638 0.311516 0.000000 0.000000 0.000000 1.000000
0.986502 0.098249 0.131002 0.638943 0.013849 0.747081 -0.664589 79.379799 -0.163164 0.657432 0.735636 -0.161267 0.000000 0.000000 0.000000 1.000000
0.989097 0.082750 0.121814 1.478815 0.017776 0.754052 -0.656574 79.415276 -0.146186 0.651581 0.744360 -1.429091 0.000000 0.000000 0.000000 1.000000
0.991385 0.055798 0.118499 2.145003 0.035919 0.754215 -0.655644 79.266861 -0.125957 0.654252 0.745714 -2.837260 0.000000 0.000000 0.000000 1.000000
0.991903 0.044329 0.119006 2.496304 0.046206 0.746890 -0.663340 79.302399 -0.118290 0.663468 0.738794 -3.849080 0.000000 0.000000 0.000000 1.000000
0.991708 0.059164 0.114086 2.680403 0.034297 0.733689 -0.678619 79.704880 -0.123853 0.676904 0.725576 -4.011571 0.000000 0.000000 0.000000 1.000000
0.990762 0.083470 0.106884 2.921191 0.014832 0.716721 -0.697203 80.209740 -0.134801 0.692347 0.708861 -3.128294 0.000000 0.000000 0.000000 1.000000
0.989459 0.094083 0.110088 3.348066 0.012568 0.701547 -0.712513 80.437744 -0.144267 0.706386 0.692969 -1.365511 0.000000 0.000000 0.000000 1.000000
0.988332 0.079870 0.129697 3.797737 0.037880 0.695857 -0.717181 80.386261 -0.147532 0.713726 0.684712 0.591055 0.000000 0.000000 0.000000 1.000000
0.986883 0.048353 0.154027 3.699734 0.075989 0.702656 -0.707461 80.322479 -0.142436 0.709885 0.689764 2.089926 0.000000 0.000000 0.000000 1.000000
0.986009 0.027019 0.164490 2.926489 0.095532 0.717060 -0.690433 80.141907 -0.136604 0.696487 0.704446 2.704416 0.000000 0.000000 0.000000 1.000000
0.987734 0.031459 0.152942 1.740973 0.081945 0.729328 -0.679239 79.717476 -0.132913 0.683441 0.717804 2.630914 0.000000 0.000000 0.000000 1.000000
0.990524 0.052184 0.127041 0.548230 0.048707 0.731410 -0.680196 79.075874 -0.128414 0.679938 0.721938 2.288764 0.000000 0.000000 0.000000 1.000000
0.992771 0.069584 0.097796 -0.407837 0.017308 0.723283 -0.690334 78.415474 -0.118770 0.687037 0.716850 2.087735 0.000000 0.000000 0.000000 1.000000
0.994787 0.069082 0.075013 -1.040947 0.003720 0.710511 -0.703677 77.919975 -0.101909 0.700287 0.706550 2.270824 0.000000 0.000000 0.000000 1.000000</float_array>
        <technique_common>
          <accessor source="#mixamorig_Hips-Matrix-animation-output-transform-array" count="20" stride="16">
            <param type="float4x4"/>
          </accessor>
        </technique_common>
      </source>
      <source id="mixamorig_Hips-Interpolations">
        <Name_array id="mixamorig_Hips-Interpolations-array" count="20">
 LINEAR LINEAR LINEAR LINEAR LINEAR LINEAR LINEAR LINEAR LINEAR LINEAR LINEAR
LINEAR LINEAR LINEAR LINEAR LINEAR LINEAR LINEAR LINEAR LINEAR</Name_array>
        <technique_common>
          <accessor source="#mixamorig_Hips-Interpolations-array" count="20">
            <param type="name"/>
          </accessor>
        </technique_common>
      </source>
      <sampler id="mixamorig_Hips-Matrix-animation-transform">
        <input semantic="INPUT" source="#mixamorig_Hips-Matrix-animation-input"/>
        <input semantic="OUTPUT" source="#mixamorig_Hips-Matrix-animation-output-transform"/>
        <input semantic="INTERPOLATION" source="#mixamorig_Hips-Interpolations"/>
      </sampler>
      <channel source="#mixamorig_Hips-Matrix-animation-transform" target="mixamorig_Hips/matrix"/>
    </animation>
    <animation id="mixamorig_Spine-anim" name="mixamorig_Spine">
      <source id="mixamorig_Spine-Matrix-animation-input">
        <float_array id="mixamorig_Spine-Matrix-animation-input-array" count="20">

0.000000 0.033333 0.066667 0.100000 0.133333 0.166667 0.200000 0.233333 0.266667 0.300000 0.333333 0.366667 0.400000 0.433333 0.466667 0.500000
0.533333 0.566667 0.600000 0.633333</float_array>
        <technique_common>
          <accessor source="#mixamorig_Spine-Matrix-animation-input-array" count="20">
            <param name="TIME" type="float"/>
          </accessor>
        </technique_common>
      </source>
      <source id="mixamorig_Spine-Matrix-animation-output-transform">
        <float_array id="mixamorig_Spine-Matrix-animation-output-transform-array" count="320">

0.999930 -0.008153 -0.008609 -0.000000 0.005848 0.970718 -0.240152 10.246800 0.010315 0.240085 0.970697 -1.182900 0.000000 0.000000 0.000000 1.000000
0.999694 0.024658 0.002150 0.000000 -0.023537 0.973932 -0.225616 10.246800 -0.007657 0.225496 0.974214 -1.182900 0.000000 0.000000 0.000000 1.000000
0.998126 0.058421 0.018227 0.000000 -0.053636 0.978503 -0.199135 10.246800 -0.029468 0.197784 0.979803 -1.182900 0.000000 0.000000 0.000000 1.000000
0.996047 0.079490 0.039645 0.000000 -0.071802 0.983253 -0.167503 10.246800 -0.052296 0.163994 0.985074 -1.182900 0.000000 0.000000 0.000000 1.000000
0.995639 0.078507 0.050393 0.000000 -0.070383 0.986692 -0.146579 10.246800 -0.061230 0.142393 0.987915 -1.182900 0.000000 0.000000 0.000000 1.000000
0.997805 0.054290 0.037914 0.000000 -0.047999 0.987415 -0.150688 10.246800 -0.045618 0.148537 0.987854 -1.182900 0.000000 0.000000 0.000000 1.000000
0.999510 0.030702 0.006173 -0.000000 -0.029103 0.983427 -0.178952 10.246800 -0.011564 0.178685 0.983838 -1.182900 0.000000 0.000000 0.000000 1.000000
0.999413 0.023145 -0.025267 0.000000 -0.028016 0.976512 -0.213633 10.246800 0.019729 0.214215 0.976587 -1.182900 0.000000 0.000000 0.000000 1.000000
0.998630 0.026612 -0.045044 0.000000 -0.036603 0.970555 -0.238082 10.246800 0.037382 0.239405 0.970200 -1.182900 0.000000 0.000000 0.000000 1.000000
0.998145 0.021448 -0.056980 0.000000 -0.034850 0.968678 -0.245861 10.246800 0.049922 0.247391 0.967629 -1.182900 0.000000 0.000000 0.000000 1.000000
0.997570 -0.004074 -0.069552 0.000000 -0.012355 0.972124 -0.234143 10.246800 0.068567 0.234434 0.969711 -1.182900 0.000000 0.000000 0.000000 1.000000
0.994644 -0.041104 -0.094834 0.000000 0.021222 0.979190 -0.201831 10.246800 0.101156 0.198738 0.974818 -1.182900 0.000000 0.000000 0.000000 1.000000
0.988663 -0.071220 -0.132189 0.000000 0.049848 0.986105 -0.158467 10.246800 0.141638 0.150081 0.978475 -1.182900 0.000000 0.000000 0.000000 1.000000
0.983810 -0.079344 -0.160694 0.000000 0.059294 0.990265 -0.125938 10.246800 0.169122 0.114371 0.978937 -1.182900 0.000000 0.000000 0.000000 1.000000
0.985518 -0.062658 -0.157569 0.000000 0.043391 0.991473 -0.122879 10.246800 0.163925 0.114262 0.979833 -1.182900 0.000000 0.000000 0.000000 1.000000
0.991254 -0.040658 -0.125546 0.000000 0.021508 0.988409 -0.150284 10.246800 0.130201 0.146269 0.980639 -1.182900 0.000000 0.000000 0.000000 1.000000
0.995771 -0.029804 -0.086900 0.000000 0.012817 0.981732 -0.189838 10.246800 0.090970 0.187922 0.977962 -1.182900 0.000000 0.000000 0.000000 1.000000
0.997986 -0.028561 -0.056644 0.000000 0.015306 0.974946 -0.221914 10.246800 0.061563 0.220600 0.973420 -1.182900 0.000000 0.000000 0.000000 1.000000
0.999181 -0.024787 -0.031990 -0.000000 0.016445 0.970959 -0.238679 10.246800 0.036977 0.237958 0.970571 -1.182900 0.000000 0.000000 0.000000 1.000000
0.999930 -0.008153 -0.008609 0.000000 0.005848 0.970718 -0.240152 10.246800 0.010315 0.240085 0.970697 -1.182900 0.000000 0.000000 0.000000 1.000000</float_array>
        <technique_common>
          <accessor source="#mixamorig_Spine-Matrix-animation-output-transform-array" count="20" stride="16">
            <param type="float4x4"/>
          </accessor>
        </technique_common>
      </source>
      <source id="mixamorig_Spine-Interpolations">
        <Name_array id="mixamorig_Spine-Interpolations-array" count="20">
 LINEAR LINEAR LINEAR LINEAR LINEAR LINEAR LINEAR LINEAR LINEAR LINEAR LINEAR
LINEAR LINEAR LINEAR LINEAR LINEAR LINEAR LINEAR LINEAR LINEAR</Name_array>
        <technique_common>
          <accessor source="#mixamorig_Spine-Interpolations-array" count="20">
            <param type="name"/>
          </accessor>
        </technique_common>
      </source>
      <sampler id="mixamorig_Spine-Matrix-animation-transform">
        <input semantic="INPUT" source="#mixamorig_Spine-Matrix-animation-input"/>
        <input semantic="OUTPUT" source="#mixamorig_Spine-Matrix-animation-output-transform"/>
        <input semantic="INTERPOLATION" source="#mixamorig_Spine-Interpolations"/>
      </sampler>
      <channel source="#mixamorig_Spine-Matrix-animation-transform" target="mixamorig_Spine/matrix"/>
    </animation>
    <animation id="mixamorig_Spine1-anim" name="mixamorig_Spine1">
      <source id="mixamorig_Spine1-Matrix-animation-input">
        <float_array id="mixamorig_Spine1-Matrix-animation-input-array" count="20">

0.000000 0.033333 0.066667 0.100000 0.133333 0.166667 0.200000 0.233333 0.266667 0.300000 0.333333 0.366667 0.400000 0.433333 0.466667 0.500000
0.533333 0.566667 0.600000 0.633333</float_array>
        <technique_common>
          <accessor source="#mixamorig_Spine1-Matrix-animation-input-array" count="20">
            <param name="TIME" type="float"/>
          </accessor>
        </technique_common>
      </source>
      <source id="mixamorig_Spine1-Matrix-animation-output-transform">
        <float_array id="mixamorig_Spine1-Matrix-animation-output-transform-array" count="320">

0.999920 0.006457 -0.010863 0.000000 -0.007823 0.991380 -0.130785 12.034000 0.009925 0.130859 0.991351 0.000000 0.000000 0.000000 0.000000 1.000000
0.999695 0.024603 0.002304 0.000000 -0.024163 0.992806 -0.117269 12.034000 -0.005173 0.117178 0.993098 0.000000 0.000000 0.000000 0.000000 1.000000
0.999111 0.040262 0.012463 -0.000000 -0.038909 0.994774 -0.094397 12.034000 -0.016198 0.093828 0.995457 0.000000 0.000000 0.000000 0.000000 1.000000
0.998781 0.046498 0.016571 -0.000000 -0.045324 0.996834 -0.065324 12.034000 -0.019556 0.064494 0.997726 0.000000 0.000000 0.000000 0.000000 1.000000
0.999112 0.039777 0.013858 -0.000000 -0.039123 0.998238 -0.044621 12.034000 -0.015608 0.044039 0.998908 0.000000 0.000000 0.000000 0.000000 1.000000
0.999661 0.025156 0.006654 -0.000000 -0.024805 0.998520 -0.048409 12.034000 -0.007862 0.048228 0.998805 0.000000 0.000000 0.000000 0.000000 1.000000
0.999903 0.013781 -0.001819 -0.000000 -0.013879 0.997047 -0.075530 12.034000 0.000773 0.075548 0.997142 0.000000 0.000000 0.000000 0.000000 1.000000
0.999879 0.012140 -0.009699 0.000000 -0.013116 0.994079 -0.107866 12.034000 0.008332 0.107980 0.994118 0.000000 0.000000 0.000000 0.000000 1.000000
0.999747 0.015001 -0.016773 0.000000 -0.017031 0.991593 -0.128269 12.034000 0.014707 0.128522 0.991598 0.000000 0.000000 0.000000 0.000000 1.000000
0.999649 0.011406 -0.023925 0.000000 -0.014452 0.991242 -0.131266 12.034000 0.022219 0.131565 0.991058 0.000000 0.000000 0.000000 0.000000 1.000000
0.999461 -0.003462 -0.032649 -0.000000 -0.000424 0.992981 -0.118269 12.034000 0.032829 0.118219 0.992445 0.000000 0.000000 0.000000 0.000000 1.000000
0.998774 -0.023464 -0.043578 0.000000 0.019443 0.995705 -0.090521 12.034000 0.045515 0.089563 0.994941 0.000000 0.000000 0.000000 0.000000 1.000000
0.997802 -0.037292 -0.054771 -0.000000 0.034362 0.997976 -0.053505 12.034000 0.056656 0.051506 0.997064 0.000000 0.000000 0.000000 0.000000 1.000000
0.997323 -0.038174 -0.062368 -0.000000 0.036676 0.999015 -0.024989 12.034000 0.063261 0.022634 0.997740 0.000000 0.000000 0.000000 0.000000 1.000000
0.997547 -0.029185 -0.063630 -0.000000 0.027685 0.999321 -0.024331 12.034000 0.064297 0.022509 0.997677 0.000000 0.000000 0.000000 0.000000 1.000000
0.998075 -0.019788 -0.058785 -0.000000 0.016738 0.998511 -0.051928 12.034000 0.059725 0.050844 0.996919 0.000000 0.000000 0.000000 0.000000 1.000000
0.998637 -0.015982 -0.049687 0.000000 0.011464 0.995882 -0.089932 12.034000 0.050920 0.089240 0.994708 0.000000 0.000000 0.000000 0.000000 1.000000
0.999174 -0.014582 -0.037924 0.000000 0.009942 0.992751 -0.119774 12.034000 0.039395 0.119298 0.992077 0.000000 0.000000 0.000000 0.000000 1.000000
0.999661 -0.008422 -0.024639 -0.000000 0.005066 0.991069 -0.133253 12.034000 0.025541 0.133084 0.990776 0.000000 0.000000 0.000000 0.000000 1.000000
0.999920 0.006457 -0.010863 -0.000000 -0.007823 0.991380 -0.130784 12.034000 0.009925 0.130859 0.991351 0.000000 0.000000 0.000000 0.000000 1.000000</float_array>
        <technique_common>
          <accessor source="#mixamorig_Spine1-Matrix-animation-output-transform-array" count="20" stride="16">
            <param type="float4x4"/>
          </accessor>
        </technique_common>
      </source>
      <source id="mixamorig_Spine1-Interpolations">
        <Name_array id="mixamorig_Spine1-Interpolations-array" count="20">
 LINEAR LINEAR LINEAR LINEAR LINEAR LINEAR LINEAR LINEAR LINEAR LINEAR LINEAR
LINEAR LINEAR LINEAR LINEAR LINEAR LINEAR LINEAR LINEAR LINEAR</Name_array>
        <technique_common>
          <accessor source="#mixamorig_Spine1-Interpolations-array" count="20">
            <param type="name"/>
          </accessor>
        </technique_common>
      </source>
      <sampler id="mixamorig_Spine1-Matrix-animation-transform">
        <input semantic="INPUT" source="#mixamorig_Spine1-Matrix-animation-input"/>
        <input semantic="OUTPUT" source="#mixamorig_Spine1-Matrix-animation-output-transform"/>
        <input semantic="INTERPOLATION" source="#mixamorig_Spine1-Interpolations"/>
      </sampler>
      <channel source="#mixamorig_Spine1-Matrix-animation-transform" target="mixamorig_Spine1/matrix"/>
    </animation>
    <animation id="mixamorig_Spine2-anim" name="mixamorig_Spine2">
      <source id="mixamorig_Spine2-Matrix-animation-input">
        <float_array id="mixamorig_Spine2-Matrix-animation-input-array" count="20">

0.000000 0.033333 0.066667 0.100000 0.133333 0.166667 0.200000 0.233333 0.266667 0.300000 0.333333 0.366667 0.400000 0.433333 0.466667 0.500000
0.533333 0.566667 0.600000 0.633333</float_array>
        <technique_common>
          <accessor source="#mixamorig_Spine2-Matrix-animation-input-array" count="20">
            <param name="TIME" type="float"/>
          </accessor>
        </technique_common>
      </source>
      <source id="mixamorig_Spine2-Matrix-animation-output-transform">
        <float_array id="mixamorig_Spine2-Matrix-animation-output-transform-array" count="320">

0.999835 0.001249 -0.018117 0.000000 -0.006029 0.963870 -0.266304 13.753100 0.017130 0.266369 0.963719 0.000000 0.000000 0.000000 0.000000 1.000000
0.999772 0.020678 -0.005310 -0.000000 -0.021349 0.967131 -0.253379 13.753100 -0.000104 0.253435 0.967353 0.000000 0.000000 0.000000 0.000000 1.000000
0.999287 0.037588 0.003600 -0.000000 -0.035739 0.972259 -0.231162 13.753100 -0.012189 0.230868 0.972909 0.000000 0.000000 0.000000 0.000000 1.000000
0.998982 0.044623 0.006573 0.000000 -0.042367 0.978328 -0.202682 13.753100 -0.015475 0.202197 0.979223 -0.000000 0.000000 0.000000 0.000000 1.000000
0.999274 0.037869 0.004114 -0.000000 -0.036485 0.982563 -0.182313 13.753100 -0.010946 0.182030 0.983232 0.000000 0.000000 0.000000 0.000000 1.000000
0.999748 0.022417 -0.001317 0.000000 -0.022270 0.982295 -0.186011 13.753100 -0.002876 0.185994 0.982547 -0.000000 0.000000 0.000000 0.000000 1.000000
0.999919 0.009882 -0.008063 0.000000 -0.011371 0.977083 -0.212555 13.753100 0.005778 0.212629 0.977116 0.000000 0.000000 0.000000 0.000000 1.000000
0.999849 0.007209 -0.015794 -0.000000 -0.010847 0.969702 -0.244049 13.753100 0.013557 0.244184 0.969634 0.000000 0.000000 0.000000 0.000000 1.000000
0.999665 0.009249 -0.024184 0.000000 -0.015304 0.964478 -0.263720 13.753100 0.020886 0.264001 0.964296 0.000000 0.000000 0.000000 0.000000 1.000000
0.999461 0.004862 -0.032469 0.000000 -0.013342 0.963783 -0.266354 13.753100 0.029998 0.266643 0.963328 -0.000000 0.000000 0.000000 0.000000 1.000000
0.999134 -0.011026 -0.040112 -0.000000 0.000497 0.967329 -0.253523 13.753100 0.041597 0.253284 0.966497 0.000000 0.000000 0.000000 0.000000 1.000000
0.998358 -0.032556 -0.047135 -0.000000 0.021064 0.973795 -0.226448 13.753100 0.053272 0.225084 0.972882 0.000000 0.000000 0.000000 0.000000 1.000000
0.997391 -0.048370 -0.053595 0.000000 0.037352 0.981018 -0.190284 13.753100 0.061781 0.187785 0.980265 -0.000000 0.000000 0.000000 0.000000 1.000000
0.996964 -0.050886 -0.058931 -0.000000 0.040725 0.985895 -0.162332 13.753100 0.066360 0.159439 0.984975 -0.000000 0.000000 0.000000 0.000000 1.000000
0.997195 -0.042117 -0.061872 0.000000 0.031630 0.986344 -0.161630 13.753100 0.067834 0.159219 0.984910 0.000000 0.000000 0.000000 0.000000 1.000000
0.997648 -0.031395 -0.060930 0.000000 0.019385 0.981877 -0.188527 13.753100 0.065744 0.186902 0.980176 0.000000 0.000000 0.000000 0.000000 1.000000
0.998145 -0.025593 -0.055239 -0.000000 0.012492 0.974138 -0.225608 13.753100 0.059584 0.224500 0.972651 -0.000000 0.000000 0.000000 0.000000 1.000000
0.998730 -0.022383 -0.045129 0.000000 0.010153 0.966915 -0.254895 13.753100 0.049341 0.254114 0.965915 -0.000000 0.000000 0.000000 0.000000 1.000000
0.999374 -0.014825 -0.032107 -0.000000 0.005668 0.963297 -0.268378 13.753100 0.034908 0.268028 0.962778 -0.000000 0.000000 0.000000 0.000000 1.000000
0.999835 0.001249 -0.018117 -0.000000 -0.006029 0.963870 -0.266303 13.753100 0.017130 0.266369 0.963719 0.000000 0.000000 0.000000 0.000000 1.000000</float_array>
        <technique_common>
          <accessor source="#mixamorig_Spine2-Matrix-animation-output-transform-array" count="20" stride="16">
            <param type="float4x4"/>
          </accessor>
        </technique_common>
      </source>
      <source id="mixamorig_Spine2-Interpolations">
        <Name_array id="mixamorig_Spine2-Interpolations-array" count="20">
 LINEAR LINEAR LINEAR LINEAR LINEAR LINEAR LINEAR LINEAR LINEAR LINEAR LINEAR
LINEAR LINEAR LINEAR LINEAR LINEAR LINEAR LINEAR LINEAR LINEAR</Name_array>
        <technique_common>
          <accessor source="#mixamorig_Spine2-Interpolations-array" count="20">
            <param type="name"/>
          </accessor>
        </technique_common>
      </source>
      <sampler id="mixamorig_Spine2-Matrix-animation-transform">
        <input semantic="INPUT" source="#mixamorig_Spine2-Matrix-animation-input"/>
        <input semantic="OUTPUT" source="#mixamorig_Spine2-Matrix-animation-output-transform"/>
        <input semantic="INTERPOLATION" source="#mixamorig_Spine2-Interpolations"/>
      </sampler>
      <channel source="#mixamorig_Spine2-Matrix-animation-transform" target="mixamorig_Spine2/matrix"/>
    </animation>
    <animation id="mixamorig_Neck-anim" name="mixamorig_Neck">
      <source id="mixamorig_Neck-Matrix-animation-input">
        <float_array id="mixamorig_Neck-Matrix-animation-input-array" count="20">

0.000000 0.033333 0.066667 0.100000 0.133333 0.166667 0.200000 0.233333 0.266667 0.300000 0.333333 0.366667 0.400000 0.433333 0.466667 0.500000
0.533333 0.566667 0.600000 0.633333</float_array>
        <technique_common>
          <accessor source="#mixamorig_Neck-Matrix-animation-input-array" count="20">
            <param name="TIME" type="float"/>
          </accessor>
        </technique_common>
      </source>
      <source id="mixamorig_Neck-Matrix-animation-output-transform">
        <float_array id="mixamorig_Neck-Matrix-animation-output-transform-array" count="320">

0.994673 -0.096132 -0.037197 -0.000000 0.103074 0.924481 0.367029 15.472300 -0.000895 -0.368908 0.929466 -0.000000 0.000000 0.000000 0.000000 1.000000
0.990861 -0.115662 -0.069402 0.000000 0.132222 0.934616 0.330167 15.472300 0.026677 -0.336326 0.941368 0.000000 0.000000 0.000000 0.000000 1.000000
0.983987 -0.147080 -0.100680 -0.000000 0.168248 0.952919 0.252266 15.472300 0.058837 -0.265166 0.962406 0.000000 0.000000 0.000000 0.000000 1.000000
0.975839 -0.180725 -0.122791 0.000000 0.198234 0.968651 0.149727 15.472300 0.091882 -0.170451 0.981073 0.000000 0.000000 0.000000 0.000000 1.000000
0.971214 -0.199927 -0.129512 0.000000 0.210116 0.975143 0.070336 15.472300 0.112230 -0.095524 0.989080 0.000000 0.000000 0.000000 0.000000 1.000000
0.973280 -0.195340 -0.120697 0.000000 0.203521 0.977259 0.059530 15.472300 0.106323 -0.082504 0.990903 0.000000 0.000000 0.000000 0.000000 1.000000
0.978940 -0.176524 -0.102542 -0.000000 0.188097 0.975156 0.117003 15.472300 0.079340 -0.133827 0.987824 0.000000 0.000000 0.000000 0.000000 1.000000
0.983467 -0.160465 -0.083926 0.000000 0.174648 0.962973 0.205381 15.472300 0.047861 -0.216643 0.975077 0.000000 0.000000 0.000000 0.000000 1.000000
0.985926 -0.152495 -0.068524 -0.000000 0.165819 0.944220 0.284520 15.472300 0.021314 -0.291878 0.956218 -0.000000 0.000000 0.000000 0.000000 1.000000
0.988241 -0.144159 -0.050972 0.000000 0.152904 0.932500 0.327208 15.472300 0.000362 -0.331154 0.943577 0.000000 0.000000 0.000000 0.000000 1.000000
0.991858 -0.124974 -0.024480 0.000000 0.126233 0.939441 0.318614 15.472300 -0.016821 -0.319110 0.947568 0.000000 0.000000 0.000000 0.000000 1.000000
0.995652 -0.092704 0.009126 0.000000 0.087209 0.962083 0.258440 15.472300 -0.032738 -0.256520 0.965984 -0.000000 0.000000 0.000000 0.000000 1.000000
0.997616 -0.056761 0.039262 0.000000 0.049209 0.983865 0.172011 15.472300 -0.048392 -0.169669 0.984312 0.000000 0.000000 0.000000 0.000000 1.000000
0.997906 -0.033675 0.055223 0.000000 0.027453 0.993575 0.109793 15.472300 -0.058565 -0.108047 0.992419 0.000000 0.000000 0.000000 0.000000 1.000000
0.997992 -0.033721 0.053611 -0.000000 0.027686 0.993593 0.109569 15.472300 -0.056962 -0.107865 0.992532 0.000000 0.000000 0.000000 0.000000 1.000000
0.997944 -0.050737 0.039150 -0.000000 0.043677 0.985518 0.163849 15.472300 -0.046897 -0.161802 0.985708 0.000000 0.000000 0.000000 0.000000 1.000000
0.997342 -0.070009 0.020198 -0.000000 0.063165 0.968881 0.239333 15.472300 -0.036325 -0.237421 0.970727 0.000000 0.000000 0.000000 0.000000 1.000000
0.996553 -0.082934 0.002126 -0.000000 0.078261 0.948283 0.307628 15.472300 -0.027529 -0.306401 0.951504 -0.000000 0.000000 0.000000 0.000000 1.000000
0.995797 -0.090228 -0.015729 0.000000 0.089967 0.931453 0.352565 15.472300 -0.017160 -0.352498 0.935655 0.000000 0.000000 0.000000 0.000000 1.000000
0.994673 -0.096132 -0.037197 -0.000000 0.103074 0.924481 0.367029 15.472300 -0.000895 -0.368908 0.929466 0.000000 0.000000 0.000000 0.000000 1.000000</float_array>
        <technique_common>
          <accessor source="#mixamorig_Neck-Matrix-animation-output-transform-array" count="20" stride="16">
            <param type="float4x4"/>
          </accessor>
        </technique_common>
      </source>
      <source id="mixamorig_Neck-Interpolations">
        <Name_array id="mixamorig_Neck-Interpolations-array" count="20">
 LINEAR LINEAR LINEAR LINEAR LINEAR LINEAR LINEAR LINEAR LINEAR LINEAR LINEAR
LINEAR LINEAR LINEAR LINEAR LINEAR LINEAR LINEAR LINEAR LINEAR</Name_array>
        <technique_common>
          <accessor source="#mixamorig_Neck-Interpolations-array" count="20">
            <param type="name"/>
          </accessor>
        </technique_common>
      </source>
      <sampler id="mixamorig_Neck-Matrix-animation-transform">
        <input semantic="INPUT" source="#mixamorig_Neck-Matrix-animation-input"/>
        <input semantic="OUTPUT" source="#mixamorig_Neck-Matrix-animation-output-transform"/>
        <input semantic="INTERPOLATION" source="#mixamorig_Neck-Interpolations"/>
      </sampler>
      <channel source="#mixamorig_Neck-Matrix-animation-transform" target="mixamorig_Neck/matrix"/>
    </animation>
    <animation id="mixamorig_Head-anim" name="mixamorig_Head">
      <source id="mixamorig_Head-Matrix-animation-input">
        <float_array id="mixamorig_Head-Matrix-animation-input-array" count="20">

0.000000 0.033333 0.066667 0.100000 0.133333 0.166667 0.200000 0.233333 0.266667 0.300000 0.333333 0.366667 0.400000 0.433333 0.466667 0.500000
0.533333 0.566667 0.600000 0.633333</float_array>
        <technique_common>
          <accessor source="#mixamorig_Head-Matrix-animation-input-array" count="20">
            <param name="TIME" type="float"/>
          </accessor>
        </technique_common>
      </source>
      <source id="mixamorig_Head-Matrix-animation-output-transform">
        <float_array id="mixamorig_Head-Matrix-animation-output-transform-array" count="320">

0.999998 0.002015 0.000528 0.000000 -0.001745 0.671800 0.740731 6.121700 0.001138 -0.740730 0.671802 2.117600 0.000000 0.000000 0.000000 1.000000
0.999330 -0.005984 -0.036095 -0.000000 0.030557 0.679092 0.733417 6.121700 0.020123 -0.734029 0.678820 2.117600 0.000000 0.000000 0.000000 1.000000
0.997694 -0.008861 -0.067288 0.000000 0.055074 0.685081 0.726382 6.121700 0.039661 -0.728413 0.683989 2.117600 0.000000 0.000000 0.000000 1.000000
0.996423 -0.004242 -0.084401 0.000000 0.063801 0.692684 0.718413 6.121700 0.055416 -0.721228 0.690477 2.117600 0.000000 0.000000 0.000000 1.000000
0.996601 0.004882 -0.082232 0.000000 0.055327 0.699914 0.712081 6.121700 0.061032 -0.714210 0.697265 2.117600 0.000000 0.000000 0.000000 1.000000
0.997888 0.010069 -0.064171 0.000000 0.038662 0.701794 0.711330 6.121700 0.052198 -0.712309 0.699922 2.117600 0.000000 0.000000 0.000000 1.000000
0.999158 0.006240 -0.040556 0.000000 0.024692 0.697976 0.715696 6.121700 0.032773 -0.716094 0.697234 2.117600 0.000000 0.000000 0.000000 1.000000
0.999784 -0.001648 -0.020718 0.000000 0.016072 0.693341 0.720431 6.121700 0.013177 -0.720608 0.693218 2.117600 0.000000 0.000000 0.000000 1.000000
0.999975 -0.004421 -0.005573 0.000000 0.007083 0.691078 0.722745 6.121700 0.000656 -0.722766 0.691092 2.117600 0.000000 0.000000 0.000000 1.000000
0.999926 0.000937 0.012157 -0.000000 -0.009454 0.689168 0.724540 6.121700 -0.007700 -0.724601 0.689125 2.117600 0.000000 0.000000 0.000000 1.000000
0.999159 0.010550 0.039617 0.000000 -0.036048 0.686357 0.726371 6.121700 -0.019528 -0.727188 0.686160 2.117600 0.000000 0.000000 0.000000 1.000000
0.997033 0.020304 0.074251 -0.000000 -0.067749 0.689390 0.721216 6.121700 -0.036544 -0.724106 0.688720 2.117600 0.000000 0.000000 0.000000 1.000000
0.994298 0.027776 0.102952 -0.000000 -0.092477 0.705309 0.702843 6.121700 -0.053091 -0.708356 0.703856 2.117600 0.000000 0.000000 0.000000 1.000000
0.993202 0.029923 0.112491 0.000000 -0.098972 0.725765 0.680786 6.121700 -0.061270 -0.687292 0.723793 2.117600 0.000000 0.000000 0.000000 1.000000
0.994535 0.025767 0.101174 0.000000 -0.087582 0.733395 0.674137 6.121700 -0.056830 -0.679314 0.731644 2.117600 0.000000 0.000000 0.000000 1.000000
0.996623 0.019641 0.079725 0.000000 -0.069255 0.722691 0.687693 6.121700 -0.044109 -0.690893 0.721611 2.117600 0.000000 0.000000 0.000000 1.000000
0.998055 0.015898 0.060278 0.000000 -0.054025 0.703024 0.709112 6.121700 -0.031103 -0.710989 0.702515 2.117600 0.000000 0.000000 0.000000 1.000000
0.998891 0.013393 0.045148 0.000000 -0.042038 0.685722 0.726649 6.121700 -0.021227 -0.727740 0.685524 2.117600 0.000000 0.000000 0.000000 1.000000
0.999578 0.008942 0.027637 0.000000 -0.026419 0.675371 0.737005 6.121700 -0.012074 -0.737424 0.675322 2.117600 0.000000 0.000000 0.000000 1.000000
0.999998 0.002015 0.000528 -0.000000 -0.001745 0.671800 0.740731 6.121700 0.001138 -0.740730 0.671802 2.117600 0.000000 0.000000 0.000000 1.000000</float_array>
        <technique_common>
          <accessor source="#mixamorig_Head-Matrix-animation-output-transform-array" count="20" stride="16">
            <param type="float4x4"/>
          </accessor>
        </technique_common>
      </source>
      <source id="mixamorig_Head-Interpolations">
        <Name_array id="mixamorig_Head-Interpolations-array" count="20">
 LINEAR LINEAR LINEAR LINEAR LINEAR LINEAR LINEAR LINEAR LINEAR LINEAR LINEAR
LINEAR LINEAR LINEAR LINEAR LINEAR LINEAR LINEAR LINEAR LINEAR</Name_array>
        <technique_common>
          <accessor source="#mixamorig_Head-Interpolations-array" count="20">
            <param type="name"/>
          </accessor>
        </technique_common>
      </source>
      <sampler id="mixamorig_Head-Matrix-animation-transform">
        <input semantic="INPUT" source="#mixamorig_Head-Matrix-animation-input"/>
        <input semantic="OUTPUT" source="#mixamorig_Head-Matrix-animation-output-transform"/>
        <input semantic="INTERPOLATION" source="#mixamorig_Head-Interpolations"/>
      </sampler>
      <channel source="#mixamorig_Head-Matrix-animation-transform" target="mixamorig_Head/matrix"/>
    </animation>
    <animation id="mixamorig_LeftShoulder-anim" name="mixamorig_LeftShoulder">
      <source id="mixamorig_LeftShoulder-Matrix-animation-input">
        <float_array id="mixamorig_LeftShoulder-Matrix-animation-input-array" count="20">

0.000000 0.033333 0.066667 0.100000 0.133333 0.166667 0.200000 0.233333 0.266667 0.300000 0.333333 0.366667 0.400000 0.433333 0.466667 0.500000
0.533333 0.566667 0.600000 0.633333</float_array>
        <technique_common>
          <accessor source="#mixamorig_LeftShoulder-Matrix-animation-input-array" count="20">
            <param name="TIME" type="float"/>
          </accessor>
        </technique_common>
      </source>
      <source id="mixamorig_LeftShoulder-Matrix-animation-output-transform">
        <float_array id="mixamorig_LeftShoulder-Matrix-animation-output-transform-array" count="320">

-0.207123 0.975409 -0.075344 6.584100 0.033083 -0.069986 -0.996999 13.677400 -0.977755 -0.208994 -0.017774 -0.199400 0.000000 0.000000 0.000000 1.000000
-0.205053 0.976436 -0.067278 6.584100 0.031124 -0.062199 -0.997578 13.677400 -0.978256 -0.206651 -0.017636 -0.199400 0.000000 0.000000 0.000000 1.000000
-0.198605 0.978064 -0.062827 6.584100 0.030068 -0.057994 -0.997864 13.677400 -0.979618 -0.200069 -0.017890 -0.199400 0.000000 0.000000 0.000000 1.000000
-0.189841 0.979581 -0.066187 6.584100 0.030901 -0.061418 -0.997634 13.677400 -0.981328 -0.191437 -0.018611 -0.199400 0.000000 0.000000 0.000000 1.000000
-0.182739 0.980270 -0.075349 6.584100 0.033009 -0.070479 -0.996967 13.677400 -0.982607 -0.184672 -0.019479 -0.199400 0.000000 0.000000 0.000000 1.000000
-0.181228 0.980041 -0.081705 6.584100 0.034444 -0.076704 -0.996459 13.677400 -0.982838 -0.183401 -0.019856 -0.199400 0.000000 0.000000 0.000000 1.000000
-0.185786 0.979395 -0.079173 6.584100 0.033911 -0.074137 -0.996671 13.677400 -0.982005 -0.187852 -0.019438 -0.199400 0.000000 0.000000 0.000000 1.000000
-0.192444 0.978691 -0.071623 6.584100 0.032170 -0.066656 -0.997257 13.677400 -0.980781 -0.194220 -0.018657 -0.199400 0.000000 0.000000 0.000000 1.000000
-0.196083 0.978234 -0.067892 6.584100 0.031272 -0.062963 -0.997526 13.677400 -0.980089 -0.197721 -0.018245 -0.199400 0.000000 0.000000 0.000000 1.000000
-0.195448 0.978140 -0.071002 6.584100 0.032027 -0.065994 -0.997306 13.677400 -0.980191 -0.197195 -0.018429 -0.199400 0.000000 0.000000 0.000000 1.000000
-0.194870 0.977808 -0.076916 6.584100 0.033442 -0.071751 -0.996862 13.677400 -0.980259 -0.196831 -0.018717 -0.199400 0.000000 0.000000 0.000000 1.000000
-0.199848 0.976330 -0.082708 6.584100 0.034823 -0.077281 -0.996401 13.677400 -0.979208 -0.202009 -0.018554 -0.199400 0.000000 0.000000 0.000000 1.000000
-0.209863 0.973604 -0.089736 6.584100 0.036580 -0.083897 -0.995803 13.677400 -0.977046 -0.212264 -0.018008 -0.199400 0.000000 0.000000 0.000000 1.000000
-0.217068 0.971243 -0.097815 6.584100 0.038688 -0.091566 -0.995047 13.677400 -0.975389 -0.219778 -0.017700 -0.199400 0.000000 0.000000 0.000000 1.000000
-0.214434 0.971397 -0.102005 6.584100 0.039702 -0.095680 -0.994620 13.677400 -0.975931 -0.217330 -0.018049 -0.199400 0.000000 0.000000 0.000000 1.000000
-0.204562 0.973899 -0.098366 6.584100 0.038647 -0.092377 -0.994974 13.677400 -0.978090 -0.207335 -0.018741 -0.199400 0.000000 0.000000 0.000000 1.000000
-0.197387 0.976222 -0.089601 6.584100 0.036489 -0.084020 -0.995796 13.677400 -0.979646 -0.199827 -0.019037 -0.199400 0.000000 0.000000 0.000000 1.000000
-0.198691 0.976644 -0.081779 6.584100 0.034645 -0.076392 -0.996476 13.677400 -0.979450 -0.200824 -0.018657 -0.199400 0.000000 0.000000 0.000000 1.000000
-0.204508 0.975789 -0.077541 6.584100 0.033619 -0.072167 -0.996826 13.677400 -0.978287 -0.206466 -0.018046 -0.199400 0.000000 0.000000 0.000000 1.000000
-0.207123 0.975409 -0.075344 6.584100 0.033083 -0.069986 -0.996999 13.677400 -0.977755 -0.208994 -0.017774 -0.199400 0.000000 0.000000 0.000000 1.000000</float_array>
        <technique_common>
          <accessor source="#mixamorig_LeftShoulder-Matrix-animation-output-transform-array" count="20" stride="16">
            <param type="float4x4"/>
          </accessor>
        </technique_common>
      </source>
      <source id="mixamorig_LeftShoulder-Interpolations">
        <Name_array id="mixamorig_LeftShoulder-Interpolations-array" count="20">
 LINEAR LINEAR LINEAR LINEAR LINEAR LINEAR LINEAR LINEAR LINEAR LINEAR LINEAR
LINEAR LINEAR LINEAR LINEAR LINEAR LINEAR LINEAR LINEAR LINEAR</Name_array>
        <technique_common>
          <accessor source="#mixamorig_LeftShoulder-Interpolations-array" count="20">
            <param type="name"/>
          </accessor>
        </technique_common>
      </source>
      <sampler id="mixamorig_LeftShoulder-Matrix-animation-transform">
        <input semantic="INPUT" source="#mixamorig_LeftShoulder-Matrix-animation-input"/>
        <input semantic="OUTPUT" source="#mixamorig_LeftShoulder-Matrix-animation-output-transform"/>
        <input semantic="INTERPOLATION" source="#mixamorig_LeftShoulder-Interpolations"/>
      </sampler>
      <channel source="#mixamorig_LeftShoulder-Matrix-animation-transform" target="mixamorig_LeftShoulder/matrix"/>
    </animation>
    <animation id="mixamorig_LeftArm-anim" name="mixamorig_LeftArm">
      <source id="mixamorig_LeftArm-Matrix-animation-input">
        <float_array id="mixamorig_LeftArm-Matrix-animation-input-array" count="20">

0.000000 0.033333 0.066667 0.100000 0.133333 0.166667 0.200000 0.233333 0.266667 0.300000 0.333333 0.366667 0.400000 0.433333 0.466667 0.500000
0.533333 0.566667 0.600000 0.633333</float_array>
        <technique_common>
          <accessor source="#mixamorig_LeftArm-Matrix-animation-input-array" count="20">
            <param name="TIME" type="float"/>
          </accessor>
        </technique_common>
      </source>
      <source id="mixamorig_LeftArm-Matrix-animation-output-transform">
        <float_array id="mixamorig_LeftArm-Matrix-animation-output-transform-array" count="320">

0.782717 -0.025683 0.621848 -0.000000 0.479082 0.662652 -0.575650 13.782200 -0.397284 0.748487 0.530973 0.000000 0.000000 0.000000 0.000000 1.000000
0.781576 0.024918 0.623312 0.000000 0.449128 0.670967 -0.589989 13.782200 -0.432924 0.741068 0.513220 0.000000 0.000000 0.000000 0.000000 1.000000
0.772465 0.081986 0.629743 0.000000 0.408677 0.694841 -0.591759 13.782200 -0.486087 0.714475 0.503235 0.000000 0.000000 0.000000 0.000000 1.000000
0.757580 0.142677 0.636958 0.000000 0.362595 0.719427 -0.592410 13.782200 -0.542768 0.679756 0.493290 0.000000 0.000000 0.000000 0.000000 1.000000
0.750296 0.182457 0.635426 0.000000 0.332616 0.726466 -0.601343 13.782200 -0.571335 0.662538 0.484377 0.000000 0.000000 0.000000 0.000000 1.000000
0.761962 0.174213 0.623749 0.000000 0.339827 0.712334 -0.614082 13.782200 -0.551299 0.679875 0.483570 0.000000 0.000000 0.000000 0.000000 1.000000
0.777918 0.124989 0.615810 0.000000 0.379469 0.687689 -0.618940 13.782200 -0.500847 0.715165 0.487536 0.000000 0.000000 0.000000 0.000000 1.000000
0.777771 0.060581 0.625621 0.000000 0.431313 0.672581 -0.601336 13.782200 -0.457210 0.737540 0.496984 0.000000 0.000000 0.000000 0.000000 1.000000
0.763864 -0.004648 0.645361 0.000000 0.478390 0.675282 -0.561370 13.782200 -0.433192 0.737545 0.518047 -0.000000 0.000000 0.000000 0.000000 1.000000
0.754134 -0.051617 0.654689 0.000000 0.507824 0.677947 -0.531510 13.782200 -0.416410 0.733296 0.537475 0.000000 0.000000 0.000000 0.000000 1.000000
0.759578 -0.050377 0.648462 0.000000 0.510524 0.663916 -0.546426 13.782200 -0.402996 0.746109 0.530015 -0.000000 0.000000 0.000000 0.000000 1.000000
0.773629 0.006410 0.633606 0.000000 0.486721 0.634243 -0.600699 13.782200 -0.405711 0.773107 0.487549 0.000000 0.000000 0.000000 0.000000 1.000000
0.783087 0.085097 0.616063 0.000000 0.452718 0.601187 -0.658499 13.782200 -0.426405 0.794564 0.432257 0.000000 0.000000 0.000000 0.000000 1.000000
0.782904 0.144265 0.605185 0.000000 0.425091 0.586221 -0.689668 13.782200 -0.454267 0.797203 0.397629 0.000000 0.000000 0.000000 0.000000 1.000000
0.777134 0.163811 0.607642 0.000000 0.409943 0.600825 -0.686263 13.782200 -0.477504 0.782416 0.399769 0.000000 0.000000 0.000000 0.000000 1.000000
0.773633 0.141369 0.617663 0.000000 0.411402 0.629317 -0.659324 13.782200 -0.481914 0.764182 0.428701 0.000000 0.000000 0.000000 0.000000 1.000000
0.774412 0.094604 0.625569 0.000000 0.428225 0.649477 -0.628333 13.782200 -0.465736 0.754473 0.462451 0.000000 0.000000 0.000000 0.000000 1.000000
0.777117 0.044036 0.627814 0.000000 0.450930 0.656926 -0.604244 13.782200 -0.439036 0.752668 0.490651 -0.000000 0.000000 0.000000 0.000000 1.000000
0.780331 0.001167 0.625365 -0.000000 0.469869 0.658809 -0.587532 13.782200 -0.412682 0.752309 0.513541 -0.000000 0.000000 0.000000 0.000000 1.000000
0.782717 -0.025682 0.621848 0.000000 0.479082 0.662652 -0.575650 13.782200 -0.397285 0.748487 0.530973 0.000000 0.000000 0.000000 0.000000 1.000000</float_array>
        <technique_common>
          <accessor source="#mixamorig_LeftArm-Matrix-animation-output-transform-array" count="20" stride="16">
            <param type="float4x4"/>
          </accessor>
        </technique_common>
      </source>
      <source id="mixamorig_LeftArm-Interpolations">
        <Name_array id="mixamorig_LeftArm-Interpolations-array" count="20">
 LINEAR LINEAR LINEAR LINEAR LINEAR LINEAR LINEAR LINEAR LINEAR LINEAR LINEAR
LINEAR LINEAR LINEAR LINEAR LINEAR LINEAR LINEAR LINEAR LINEAR</Name_array>
        <technique_common>
          <accessor source="#mixamorig_LeftArm-Interpolations-array" count="20">
            <param type="name"/>
          </accessor>
        </technique_common>
      </source>
      <sampler id="mixamorig_LeftArm-Matrix-animation-transform">
