<?xml version="1.0" encoding="utf-8"?>
<COLLADA xmlns="http://www.collada.org/2005/11/COLLADASchema" version="1.4.1">
  <asset>
    <contributor>
      <author>Mixamo</author>
      <authoring_tool>COLLADA Mixamo exporter</authoring_tool>
      <comments/>
    </contributor>
    <created>2024-11-07T08:50:46Z</created>
    <modified>2024-11-07T08:50:46Z</modified>
    <revision/>
    <title/>
    <unit meter="0.010000"/>
    <up_axis>Y_UP</up_axis>
  </asset>
  <library_animations>
    <animation id="mixamorig_Hips-anim" name="mixamorig_Hips">
      <source id="mixamorig_Hips-Matrix-animation-input">
        <float_array id="mixamorig_Hips-Matrix-animation-input-array" count="64">

0.000000 0.033333 0.066667 0.100000 0.133333 0.166667 0.200000 0.233333 0.266667 0.300000 0.333333 0.366667 0.400000 0.433333 0.466667 0.500000
0.533333 0.566667 0.600000 0.633333 0.666667 0.700000 0.733333 0.766667 0.800000 0.833333 0.866667 0.900000 0.933333 0.966667 1.000000 1.033333
1.066667 1.100000 1.133333 1.166667 1.200000 1.233333 1.266667 1.300000 1.333333 1.366667 1.400000 1.433333 1.466667 1.500000 1.533333 1.566667
1.600000 1.633333 1.666667 1.700000 1.733333 1.766667 1.800000 1.833333 1.866667 1.900000 1.933333 1.966667 2.000000 2.033333 2.066667 2.100000</float_array>
        <technique_common>
          <accessor source="#mixamorig_Hips-Matrix-animation-input-array" count="64">
            <param name="TIME" type="float"/>
          </accessor>
        </technique_common>
      </source>
      <source id="mixamorig_Hips-Matrix-animation-output-transform">
        <float_array id="mixamorig_Hips-Matrix-animation-output-transform-array" count="1024">

0.999542 -0.027443 0.012738 -0.697667 0.027164 0.999399 0.021541 88.923637 -0.013322 -0.021185 0.999687 0.808186 0.000000 0.000000 0.000000 1.000000
0.993860 -0.025637 -0.107632 -0.611899 0.014832 0.994875 -0.100015 88.511917 0.109645 0.097805 0.989147 4.675337 0.000000 0.000000 0.000000 1.000000
0.987982 -0.017963 -0.153522 -0.936578 -0.006283 0.987736 -0.156007 88.500313 0.154442 0.155096 0.975752 8.536636 0.000000 0.000000 0.000000 1.000000
0.990928 -0.017945 -0.133189 -1.704224 -0.004291 0.986315 -0.164814 88.902046 0.134324 0.163890 0.977291 12.432733 0.000000 0.000000 0.000000 1.000000
0.996921 -0.039981 -0.067451 -2.855738 0.030097 0.989457 -0.141663 89.775124 0.072404 0.139197 0.987614 16.449724 0.000000 0.000000 0.000000 1.000000
0.996488 -0.083550 0.005630 -4.137351 0.083674 0.990790 -0.106463 90.957428 0.003317 0.106560 0.994301 20.463467 0.000000 0.000000 0.000000 1.000000
0.989603 -0.131839 0.057478 -5.223703 0.136114 0.987603 -0.078194 92.093018 -0.046457 0.085204 0.995280 24.198305 0.000000 0.000000 0.000000 1.000000
0.982358 -0.168047 0.082050 -5.910719 0.173728 0.982456 -0.067814 92.984634 -0.069215 0.080872 0.994318 27.552885 0.000000 0.000000 0.000000 1.000000
0.978484 -0.185917 0.089465 -6.151775 0.192726 0.978411 -0.074627 93.513100 -0.073659 0.090264 0.993190 30.602896 0.000000 0.000000 0.000000 1.000000
0.977359 -0.190093 0.092916 -6.034041 0.198408 0.975946 -0.090355 93.670944 -0.073505 0.106744 0.991566 33.516239 0.000000 0.000000 0.000000 1.000000
0.977155 -0.187452 0.100151 -5.679219 0.197876 0.974381 -0.106894 93.540771 -0.077548 0.124269 0.989214 36.458584 0.000000 0.000000 0.000000 1.000000
0.976565 -0.183584 0.112331 -5.225522 0.196696 0.973144 -0.119587 93.151970 -0.087360 0.138879 0.986449 39.550869 0.000000 0.000000 0.000000 1.000000
0.976168 -0.178042 0.124084 -4.758960 0.193692 0.972656 -0.128159 92.542427 -0.097873 0.149139 0.983961 42.950317 0.000000 0.000000 0.000000 1.000000
0.978274 -0.165630 0.124685 -4.240189 0.182139 0.973916 -0.135324 91.743111 -0.099019 0.155094 0.982925 46.810341 0.000000 0.000000 0.000000 1.000000
0.984255 -0.143553 0.103124 -3.784065 0.157416 0.977264 -0.142041 90.745987 -0.080389 0.156038 0.984474 51.456318 0.000000 0.000000 0.000000 1.000000
0.991407 -0.117226 0.058047 -3.345081 0.124521 0.981675 -0.144255 89.580795 -0.040072 0.150243 0.987837 56.822121 0.000000 0.000000 0.000000 1.000000
0.995652 -0.093108 0.002870 -2.961589 0.092617 0.986168 -0.137458 88.247452 0.009969 0.137126 0.990503 62.696648 0.000000 0.000000 0.000000 1.000000
0.995516 -0.085611 -0.040242 -2.641913 0.079943 0.988809 -0.125958 86.605865 0.050575 0.122176 0.991219 68.300110 0.000000 0.000000 0.000000 1.000000
0.992930 -0.105603 -0.054211 -2.349001 0.098494 0.987841 -0.120284 84.407692 0.066254 0.114094 0.991258 72.677765 0.000000 0.000000 0.000000 1.000000
0.991644 -0.124376 -0.034251 -1.729696 0.119139 0.984768 -0.126639 83.096672 0.049480 0.121500 0.991357 76.511497 0.000000 0.000000 0.000000 1.000000
0.991847 -0.127310 0.005659 -0.523426 0.126800 0.981486 -0.143551 82.842621 0.012721 0.143098 0.989627 79.877762 0.000000 0.000000 0.000000 1.000000
0.993052 -0.104638 0.053835 1.173069 0.112225 0.979756 -0.165782 83.678261 -0.035398 0.170672 0.984692 83.202766 0.000000 0.000000 0.000000 1.000000
0.992337 -0.060509 0.107734 3.035677 0.080134 0.978825 -0.188360 85.224937 -0.094055 0.195550 0.976173 86.889519 0.000000 0.000000 0.000000 1.000000
0.985000 -0.009709 0.172283 4.620167 0.046000 0.977061 -0.207934 86.822052 -0.166312 0.212740 0.962851 90.903221 0.000000 0.000000 0.000000 1.000000
0.967943 0.031932 0.249133 5.588078 0.024924 0.974779 -0.221775 87.998466 -0.249931 0.220874 0.942735 95.017235 0.000000 0.000000 0.000000 1.000000
0.941899 0.057780 0.330889 6.079225 0.019721 0.973882 -0.226199 88.563766 -0.335316 0.219582 0.916159 99.016609 0.000000 0.000000 0.000000 1.000000
0.911512 0.070407 0.405203 6.295557 0.022119 0.975419 -0.219245 88.543472 -0.410679 0.208807 0.887549 102.926193 0.000000 0.000000 0.000000 1.000000
0.883490 0.076338 0.462189 6.433565 0.022418 0.978612 -0.204487 88.185196 -0.467914 0.191024 0.862883 106.893082 0.000000 0.000000 0.000000 1.000000
0.863051 0.080531 0.498655 6.616551 0.018175 0.981619 -0.189983 87.780876 -0.504789 0.173029 0.845724 111.058250 0.000000 0.000000 0.000000 1.000000
0.852032 0.082694 0.516917 6.910998 0.015627 0.982987 -0.183010 87.447357 -0.523256 0.164008 0.836244 115.391273 0.000000 0.000000 0.000000 1.000000
0.849697 0.077771 0.521504 7.356018 0.024263 0.982248 -0.186012 87.089157 -0.526712 0.170707 0.832726 119.862991 0.000000 0.000000 0.000000 1.000000
0.854233 0.062597 0.516107 7.943677 0.046013 0.979726 -0.194985 86.559677 -0.517849 0.190310 0.834035 124.457932 0.000000 0.000000 0.000000 1.000000
0.862913 0.038855 0.503857 8.627188 0.073916 0.976613 -0.201901 85.571075 -0.499918 0.211466 0.839859 129.204132 0.000000 0.000000 0.000000 1.000000
0.873918 0.013380 0.485890 9.298633 0.096093 0.975137 -0.199686 84.459915 -0.476481 0.221200 0.850904 134.074890 0.000000 0.000000 0.000000 1.000000
0.885587 -0.007090 0.464420 9.779134 0.105765 0.976694 -0.186769 83.556541 -0.452272 0.214520 0.865697 139.096970 0.000000 0.000000 0.000000 1.000000
0.896720 -0.022729 0.442015 9.802770 0.108322 0.979579 -0.169384 82.889694 -0.429139 0.199770 0.880870 144.163330 0.000000 0.000000 0.000000 1.000000
0.906544 -0.029921 0.421049 9.358793 0.105704 0.981794 -0.157818 82.290909 -0.408661 0.187575 0.893203 148.906631 0.000000 0.000000 0.000000 1.000000
0.918979 -0.041333 0.392134 8.694450 0.112790 0.980492 -0.160979 81.834488 -0.377830 0.192165 0.905713 153.362579 0.000000 0.000000 0.000000 1.000000
0.935110 -0.075816 0.346151 7.844828 0.145709 0.972708 -0.180578 82.486710 -0.323013 0.219298 0.920636 158.190781 0.000000 0.000000 0.000000 1.000000
0.951837 -0.122735 0.280965 6.809450 0.186035 0.959609 -0.211049 83.752922 -0.243714 0.253154 0.936225 162.872681 0.000000 0.000000 0.000000 1.000000
0.964918 -0.169125 0.200822 5.838702 0.216357 0.945519 -0.243275 85.181763 -0.148737 0.278190 0.948940 167.117523 0.000000 0.000000 0.000000 1.000000
0.971788 -0.205850 0.115129 5.179344 0.229982 0.935299 -0.268931 86.534103 -0.052320 0.287822 0.956254 170.954773 0.000000 0.000000 0.000000 1.000000
0.971954 -0.232400 0.035993 4.934282 0.232916 0.930150 -0.283851 87.688438 0.032488 0.284273 0.958193 174.573364 0.000000 0.000000 0.000000 1.000000
0.967360 -0.251976 -0.026867 5.082504 0.233864 0.928561 -0.288240 88.562401 0.097577 0.272549 0.957181 178.168961 0.000000 0.000000 0.000000 1.000000
0.961794 -0.264679 -0.069981 5.539647 0.235116 0.929501 -0.284163 89.073433 0.140260 0.256852 0.956219 181.947403 0.000000 0.000000 0.000000 1.000000
0.958616 -0.267680 -0.096972 6.126883 0.232855 0.933136 -0.273928 89.192345 0.163813 0.240011 0.956849 186.102676 0.000000 0.000000 0.000000 1.000000
0.959130 -0.257849 -0.116550 6.677123 0.221140 0.940006 -0.259779 88.851067 0.176541 0.223388 0.958609 190.777008 0.000000 0.000000 0.000000 1.000000
0.962128 -0.235348 -0.137553 7.068336 0.197525 0.949649 -0.243208 88.083672 0.187865 0.206827 0.960171 195.952271 0.000000 0.000000 0.000000 1.000000
0.963666 -0.211030 -0.163748 7.426997 0.172064 0.959340 -0.223745 87.191269 0.204307 0.187440 0.960794 201.501587 0.000000 0.000000 0.000000 1.000000
0.960999 -0.194061 -0.197031 7.853274 0.154120 0.967373 -0.201086 86.289711 0.229625 0.162877 0.959554 207.190567 0.000000 0.000000 0.000000 1.000000
0.953240 -0.192695 -0.232813 7.988434 0.153095 0.972095 -0.177743 85.717094 0.260566 0.133789 0.956141 212.741043 0.000000 0.000000 0.000000 1.000000
0.939357 -0.217068 -0.265498 8.070359 0.179578 0.970902 -0.158431 85.055603 0.292163 0.101145 0.951005 217.531937 0.000000 0.000000 0.000000 1.000000
0.927030 -0.243480 -0.285188 8.155839 0.209388 0.967027 -0.144966 84.930519 0.311081 0.074672 0.947445 222.174515 0.000000 0.000000 0.000000 1.000000
0.924740 -0.252468 -0.284809 8.105466 0.222288 0.965688 -0.134292 85.514915 0.308941 0.060875 0.949131 226.864792 0.000000 0.000000 0.000000 1.000000
0.935069 -0.238408 -0.262311 7.876403 0.213165 0.969464 -0.121243 86.490639 0.283207 0.057455 0.957336 231.527298 0.000000 0.000000 0.000000 1.000000
0.954209 -0.201992 -0.220644 7.472722 0.183108 0.977667 -0.103141 87.772858 0.236550 0.058016 0.969886 236.104019 0.000000 0.000000 0.000000 1.000000
0.974030 -0.152038 -0.167782 6.930825 0.140097 0.986826 -0.080916 89.265411 0.177874 0.055309 0.982498 240.822845 0.000000 0.000000 0.000000 1.000000
0.987892 -0.105508 -0.113742 6.214747 0.099411 0.993353 -0.058024 90.735275 0.119108 0.046014 0.991814 245.828278 0.000000 0.000000 0.000000 1.000000
0.994091 -0.077569 -0.075935 5.239980 0.074656 0.996387 -0.040489 91.745346 0.078802 0.034581 0.996290 250.883011 0.000000 0.000000 0.000000 1.000000
0.996855 -0.060162 -0.051588 4.172310 0.058856 0.997915 -0.026482 92.274269 0.053074 0.023363 0.998317 256.021210 0.000000 0.000000 0.000000 1.000000
0.998314 -0.047562 -0.033282 3.021867 0.047121 0.998792 -0.013913 92.068871 0.033903 0.012321 0.999349 261.259796 0.000000 0.000000 0.000000 1.000000
0.999045 -0.039607 -0.018429 1.780988 0.039575 0.999214 -0.002116 91.179169 0.018498 0.001384 0.999828 266.543915 0.000000 0.000000 0.000000 1.000000
0.999337 -0.036048 -0.005092 0.525270 0.036096 0.999302 0.009612 90.070885 0.004742 -0.009789 0.999941 271.850739 0.000000 0.000000 0.000000 1.000000
0.999542 -0.027434 0.012745 -0.691180 0.027155 0.999399 0.021541 88.920853 -0.013328 -0.021185 0.999687 277.037811 0.000000 0.000000 0.000000 1.000000</float_array>
        <technique_common>
          <accessor source="#mixamorig_Hips-Matrix-animation-output-transform-array" count="64" stride="16">
            <param type="float4x4"/>
          </accessor>
        </technique_common>
      </source>
      <source id="mixamorig_Hips-Interpolations">
        <Name_array id="mixamorig_Hips-Interpolations-array" count="64">
 LINEAR LINEAR LINEAR LINEAR LINEAR LINEAR LINEAR LINEAR LINEAR LINEAR LINEAR
LINEAR LINEAR LINEAR LINEAR LINEAR LINEAR LINEAR LINEAR LINEAR LINEAR LINEAR LINEAR
LINEAR LINEAR LINEAR LINEAR LINEAR LINEAR LINEAR LINEAR LINEAR LINEAR LINEAR LINEAR
LINEAR LINEAR LINEAR LINEAR LINEAR LINEAR LINEAR LINEAR LINEAR LINEAR LINEAR LINEAR
LINEAR LINEAR LINEAR LINEAR LINEAR LINEAR LINEAR LINEAR LINEAR LINEAR LINEAR LINEAR
LINEAR LINEAR LINEAR LINEAR LINEAR</Name_array>
        <technique_common>
          <accessor source="#mixamorig_Hips-Interpolations-array" count="64">
            <param type="name"/>
          </accessor>
        </technique_common>
      </source>
      <sampler id="mixamorig_Hips-Matrix-animation-transform">
        <input semantic="INPUT" source="#mixamorig_Hips-Matrix-animation-input"/>
        <input semantic="OUTPUT" source="#mixamorig_Hips-Matrix-animation-output-transform"/>
        <input semantic="INTERPOLATION" source="#mixamorig_Hips-Interpolations"/>
      </sampler>
      <channel source="#mixamorig_Hips-Matrix-animation-transform" target="mixamorig_Hips/matrix"/>
    </animation>
    <animation id="mixamorig_Spine-anim" name="mixamorig_Spine">
      <source id="mixamorig_Spine-Matrix-animation-input">
        <float_array id="mixamorig_Spine-Matrix-animation-input-array" count="64">

0.000000 0.033333 0.066667 0.100000 0.133333 0.166667 0.200000 0.233333 0.266667 0.300000 0.333333 0.366667 0.400000 0.433333 0.466667 0.500000
0.533333 0.566667 0.600000 0.633333 0.666667 0.700000 0.733333 0.766667 0.800000 0.833333 0.866667 0.900000 0.933333 0.966667 1.000000 1.033333
1.066667 1.100000 1.133333 1.166667 1.200000 1.233333 1.266667 1.300000 1.333333 1.366667 1.400000 1.433333 1.466667 1.500000 1.533333 1.566667
1.600000 1.633333 1.666667 1.700000 1.733333 1.766667 1.800000 1.833333 1.866667 1.900000 1.933333 1.966667 2.000000 2.033333 2.066667 2.100000</float_array>
        <technique_common>
          <accessor source="#mixamorig_Spine-Matrix-animation-input-array" count="64">
            <param name="TIME" type="float"/>
          </accessor>
        </technique_common>
      </source>
      <source id="mixamorig_Spine-Matrix-animation-output-transform">
        <float_array id="mixamorig_Spine-Matrix-animation-output-transform-array" count="1024">

0.981791 -0.111749 -0.153618 0.000000 0.122044 0.990753 0.059282 10.246800 0.145573 -0.076951 0.986350 -1.182900 0.000000 0.000000 0.000000 1.000000
0.987661 -0.101761 -0.119038 0.000000 0.112095 0.990175 0.083592 10.246800 0.109362 -0.095904 0.989365 -1.182900 0.000000 0.000000 0.000000 1.000000
0.990180 -0.096785 -0.100878 0.000000 0.106225 0.989999 0.092831 10.246800 0.090884 -0.102635 0.990558 -1.182900 0.000000 0.000000 0.000000 1.000000
0.991404 -0.089551 -0.095383 -0.000000 0.098396 0.990842 0.092468 10.246800 0.086229 -0.101058 0.991137 -1.182900 0.000000 0.000000 0.000000 1.000000
0.993052 -0.068875 -0.095410 0.000000 0.077285 0.993167 0.087444 10.246800 0.088735 -0.094210 0.991590 -1.182900 0.000000 0.000000 0.000000 1.000000
0.995125 -0.031853 -0.093332 0.000000 0.039572 0.995841 0.082065 10.246800 0.090330 -0.085358 0.992247 -1.182900 0.000000 0.000000 0.000000 1.000000
0.996255 0.011964 -0.085629 0.000000 -0.005383 0.997041 0.076677 10.246800 0.086293 -0.075929 0.993372 -1.182900 0.000000 0.000000 0.000000 1.000000
0.996063 0.050516 -0.072848 0.000000 -0.045462 0.996550 0.069433 10.246800 0.076104 -0.065848 0.994923 -1.182900 0.000000 0.000000 0.000000 1.000000
0.995455 0.076314 -0.056973 0.000000 -0.072948 0.995590 0.058990 10.246800 0.061223 -0.054566 0.996631 -1.182900 0.000000 0.000000 0.000000 1.000000
0.995277 0.088632 -0.039599 -0.000000 -0.086808 0.995180 0.045608 10.246800 0.043451 -0.041955 0.998174 -1.182900 0.000000 0.000000 0.000000 1.000000
0.995756 0.089392 -0.021886 -0.000000 -0.088705 0.995589 0.030574 10.246800 0.024523 -0.028503 0.999293 -1.182900 0.000000 0.000000 0.000000 1.000000
0.996486 0.083656 -0.004255 0.000000 -0.083578 0.996372 0.016068 10.246800 0.005583 -0.015656 0.999862 -1.182900 0.000000 0.000000 0.000000 1.000000
0.997068 0.075374 0.013231 -0.000000 -0.075442 0.997139 0.004739 10.246800 -0.012836 -0.005723 0.999901 -1.182900 0.000000 0.000000 0.000000 1.000000
0.997297 0.066825 0.030549 0.000000 -0.066812 0.997765 -0.001430 10.246800 -0.030576 -0.000615 0.999532 -1.182900 0.000000 0.000000 0.000000 1.000000
0.997007 0.060897 0.047620 0.000000 -0.060848 0.998144 -0.002480 10.246800 -0.047683 -0.000425 0.998862 -1.182900 0.000000 0.000000 0.000000 1.000000
0.996133 0.062503 0.061746 0.000000 -0.062554 0.998041 -0.001116 10.246800 -0.061695 -0.002751 0.998091 -1.182900 0.000000 0.000000 0.000000 1.000000
0.995220 0.068464 0.069646 0.000000 -0.068597 0.997644 -0.000481 10.246800 -0.069515 -0.004298 0.997572 -1.182900 0.000000 0.000000 0.000000 1.000000
0.994272 0.080120 0.070738 -0.000000 -0.080160 0.996779 -0.002276 10.246800 -0.070692 -0.003408 0.997492 -1.182900 0.000000 0.000000 0.000000 1.000000
0.992579 0.102043 0.066133 0.000000 -0.101842 0.994780 -0.006412 10.246800 -0.066442 -0.000371 0.997790 -1.182900 0.000000 0.000000 0.000000 1.000000
0.992279 0.110825 0.055682 0.000000 -0.110481 0.993835 -0.009235 10.246800 -0.056362 0.003012 0.998406 -1.182900 0.000000 0.000000 0.000000 1.000000
0.993507 0.104476 0.045030 0.000000 -0.104173 0.994518 -0.009033 10.246800 -0.045727 0.004284 0.998945 -1.182900 0.000000 0.000000 0.000000 1.000000
0.996058 0.081120 0.035877 0.000000 -0.081015 0.996703 -0.004379 10.246800 -0.036113 0.001455 0.999347 -1.182900 0.000000 0.000000 0.000000 1.000000
0.998710 0.043004 0.026993 0.000000 -0.043156 0.999055 0.005090 10.246800 -0.026748 -0.006249 0.999623 -1.182900 0.000000 0.000000 0.000000 1.000000
0.999886 -0.002338 0.014886 0.000000 0.002080 0.999848 0.017332 10.246800 -0.014924 -0.017300 0.999739 -1.182900 0.000000 0.000000 0.000000 1.000000
0.999074 -0.042981 -0.001899 0.000000 0.043017 0.998683 0.027971 10.246800 0.000695 -0.028026 0.999607 -1.182900 0.000000 0.000000 0.000000 1.000000
0.997327 -0.069969 -0.021038 0.000000 0.070646 0.996942 0.033396 10.246800 0.018637 -0.034793 0.999221 -1.182900 0.000000 0.000000 0.000000 1.000000
0.995882 -0.082203 -0.038221 0.000000 0.083472 0.995968 0.032880 10.246800 0.035364 -0.035935 0.998728 -1.182900 0.000000 0.000000 0.000000 1.000000
0.995046 -0.085867 -0.050094 0.000000 0.087349 0.995779 0.028181 10.246800 0.047462 -0.032417 0.998347 -1.182900 0.000000 0.000000 0.000000 1.000000
0.994428 -0.089459 -0.055759 -0.000000 0.090803 0.995625 0.022038 10.246800 0.053544 -0.026978 0.998201 -1.182900 0.000000 0.000000 0.000000 1.000000
0.993684 -0.096796 -0.056766 -0.000000 0.097911 0.995047 0.017199 10.246800 0.054820 -0.022648 0.998239 -1.182900 0.000000 0.000000 0.000000 1.000000
0.992894 -0.104903 -0.056183 0.000000 0.105926 0.994253 0.015541 10.246800 0.054229 -0.021382 0.998300 -1.182900 0.000000 0.000000 0.000000 1.000000
0.992307 -0.109959 -0.056882 0.000000 0.111065 0.993674 0.016640 10.246800 0.054693 -0.022830 0.998242 -1.182900 0.000000 0.000000 0.000000 1.000000
0.992021 -0.110219 -0.061203 0.000000 0.111473 0.993614 0.017450 10.246800 0.058888 -0.024133 0.997973 -1.182900 0.000000 0.000000 0.000000 1.000000
0.991953 -0.107323 -0.067166 0.000000 0.108550 0.993979 0.014889 10.246800 0.065163 -0.022060 0.997631 -1.182900 0.000000 0.000000 0.000000 1.000000
0.992128 -0.102879 -0.071402 0.000000 0.103717 0.994574 0.008125 10.246800 0.070179 -0.015466 0.997415 -1.182900 0.000000 0.000000 0.000000 1.000000
0.993015 -0.093905 -0.071438 0.000000 0.094123 0.995561 -0.000324 10.246800 0.071151 -0.006402 0.997445 -1.182900 0.000000 0.000000 0.000000 1.000000
0.993847 -0.085948 -0.069866 0.000000 0.085702 0.996299 -0.006522 10.246800 0.070168 0.000494 0.997535 -1.182900 0.000000 0.000000 0.000000 1.000000
0.995606 -0.069639 -0.062601 -0.000000 0.069338 0.997569 -0.006977 10.246800 0.062935 0.002606 0.998014 -1.182900 0.000000 0.000000 0.000000 1.000000
0.998329 -0.029580 -0.049649 0.000000 0.029542 0.999562 -0.001499 10.246800 0.049671 0.000029 0.998766 -1.182900 0.000000 0.000000 0.000000 1.000000
0.999188 0.019902 -0.035040 -0.000000 -0.019720 0.999790 0.005543 10.246800 0.035143 -0.004848 0.999371 -1.182900 0.000000 0.000000 0.000000 1.000000
0.997628 0.065336 -0.021649 -0.000000 -0.065119 0.997821 0.010573 10.246800 0.022292 -0.009138 0.999710 -1.182900 0.000000 0.000000 0.000000 1.000000
0.995008 0.099251 -0.010415 0.000000 -0.099121 0.994999 0.012305 10.246800 0.011584 -0.011211 0.999870 -1.182900 0.000000 0.000000 0.000000 1.000000
0.992475 0.122430 -0.001861 0.000000 -0.122403 0.992419 0.011031 10.246800 0.003198 -0.010720 0.999937 -1.182900 0.000000 0.000000 0.000000 1.000000
0.990446 0.137848 0.003711 0.000000 -0.137873 0.990422 0.007424 10.246800 -0.002652 -0.007865 0.999966 -1.182900 0.000000 0.000000 0.000000 1.000000
0.989342 0.145433 0.007210 0.000000 -0.145454 0.989362 0.002438 10.246800 -0.006779 -0.003461 0.999971 -1.182900 0.000000 0.000000 0.000000 1.000000
0.989416 0.144685 0.011014 0.000000 -0.144668 0.989478 -0.002330 10.246800 -0.011235 0.000712 0.999937 -1.182900 0.000000 0.000000 0.000000 1.000000
0.990355 0.137456 0.017389 0.000000 -0.137388 0.990504 -0.005039 10.246800 -0.017916 0.002602 0.999836 -1.182900 0.000000 0.000000 0.000000 1.000000
0.991534 0.127205 0.026059 0.000000 -0.127117 0.991875 -0.005028 10.246800 -0.026487 0.001673 0.999648 -1.182900 0.000000 0.000000 0.000000 1.000000
0.992058 0.121502 0.032537 0.000000 -0.121463 0.992591 -0.003153 10.246800 -0.032679 -0.000825 0.999466 -1.182900 0.000000 0.000000 0.000000 1.000000
0.992208 0.119414 0.035561 0.000000 -0.119484 0.992836 -0.000137 10.246800 -0.035322 -0.004113 0.999368 -1.182900 0.000000 0.000000 0.000000 1.000000
0.991991 0.121549 0.034357 0.000000 -0.121712 0.992562 0.002688 10.246800 -0.033775 -0.006848 0.999406 -1.182900 0.000000 0.000000 0.000000 1.000000
0.989808 0.138684 0.032349 -0.000000 -0.138909 0.990293 0.004813 10.246800 -0.031367 -0.009257 0.999465 -1.182900 0.000000 0.000000 0.000000 1.000000
0.987681 0.153674 0.029519 0.000000 -0.153980 0.988039 0.008368 10.246800 -0.027880 -0.012810 0.999529 -1.182900 0.000000 0.000000 0.000000 1.000000
0.987412 0.156125 0.025350 0.000000 -0.156526 0.987565 0.014672 10.246800 -0.022744 -0.018455 0.999571 -1.182900 0.000000 0.000000 0.000000 1.000000
0.989174 0.145542 0.018776 0.000000 -0.145961 0.989014 0.023359 10.246800 -0.015170 -0.025847 0.999551 -1.182900 0.000000 0.000000 0.000000 1.000000
0.992514 0.121795 0.009021 0.000000 -0.122027 0.991991 0.032593 10.246800 -0.004979 -0.033450 0.999428 -1.182900 0.000000 0.000000 0.000000 1.000000
0.996042 0.088825 -0.003366 0.000000 -0.088621 0.995267 0.039881 10.246800 0.006893 -0.039425 0.999199 -1.182900 0.000000 0.000000 0.000000 1.000000
0.998488 0.052071 -0.017617 0.000000 -0.051255 0.997719 0.043939 10.246800 0.019865 -0.042970 0.998879 -1.182900 0.000000 0.000000 0.000000 1.000000
0.999312 0.013500 -0.034549 0.000000 -0.011923 0.998896 0.045449 10.246800 0.035125 -0.045006 0.998369 -1.182900 0.000000 0.000000 0.000000 1.000000
0.998437 -0.016818 -0.053295 0.000000 0.019304 0.998733 0.046474 10.246800 0.052446 -0.047431 0.997497 -1.182900 0.000000 0.000000 0.000000 1.000000
0.996191 -0.043514 -0.075564 0.000000 0.047267 0.997698 0.048618 10.246800 0.073275 -0.052005 0.995955 -1.182900 0.000000 0.000000 0.000000 1.000000
0.992626 -0.067165 -0.100907 0.000000 0.072680 0.995998 0.052012 10.246800 0.097010 -0.058962 0.993535 -1.182900 0.000000 0.000000 0.000000 1.000000
0.988120 -0.087218 -0.126541 -0.000000 0.094961 0.993877 0.056493 10.246800 0.120839 -0.067838 0.990351 -1.182900 0.000000 0.000000 0.000000 1.000000
0.981789 -0.111757 -0.153625 -0.000000 0.122053 0.990752 0.059281 10.246800 0.145579 -0.076952 0.986349 -1.182900 0.000000 0.000000 0.000000 1.000000</float_array>
        <technique_common>
          <accessor source="#mixamorig_Spine-Matrix-animation-output-transform-array" count="64" stride="16">
            <param type="float4x4"/>
          </accessor>
        </technique_common>
      </source>
      <source id="mixamorig_Spine-Interpolations">
        <Name_array id="mixamorig_Spine-Interpolations-array" count="64">
 LINEAR LINEAR LINEAR LINEAR LINEAR LINEAR LINEAR LINEAR LINEAR LINEAR LINEAR
LINEAR LINEAR LINEAR LINEAR LINEAR LINEAR LINEAR LINEAR LINEAR LINEAR LINEAR LINEAR
LINEAR LINEAR LINEAR LINEAR LINEAR LINEAR LINEAR LINEAR LINEAR LINEAR LINEAR LINEAR
LINEAR LINEAR LINEAR LINEAR LINEAR LINEAR LINEAR LINEAR LINEAR LINEAR LINEAR LINEAR
LINEAR LINEAR LINEAR LINEAR LINEAR LINEAR LINEAR LINEAR LINEAR LINEAR LINEAR LINEAR
LINEAR LINEAR LINEAR LINEAR LINEAR</Name_array>
        <technique_common>
          <accessor source="#mixamorig_Spine-Interpolations-array" count="64">
            <param type="name"/>
          </accessor>
        </technique_common>
      </source>
      <sampler id="mixamorig_Spine-Matrix-animation-transform">
        <input semantic="INPUT" source="#mixamorig_Spine-Matrix-animation-input"/>
        <input semantic="OUTPUT" source="#mixamorig_Spine-Matrix-animation-output-transform"/>
        <input semantic="INTERPOLATION" source="#mixamorig_Spine-Interpolations"/>
      </sampler>
      <channel source="#mixamorig_Spine-Matrix-animation-transform" target="mixamorig_Spine/matrix"/>
    </animation>
    <animation id="mixamorig_Spine1-anim" name="mixamorig_Spine1">
      <source id="mixamorig_Spine1-Matrix-animation-input">
        <float_array id="mixamorig_Spine1-Matrix-animation-input-array" count="64">

0.000000 0.033333 0.066667 0.100000 0.133333 0.166667 0.200000 0.233333 0.266667 0.300000 0.333333 0.366667 0.400000 0.433333 0.466667 0.500000
0.533333 0.566667 0.600000 0.633333 0.666667 0.700000 0.733333 0.766667 0.800000 0.833333 0.866667 0.900000 0.933333 0.966667 1.000000 1.033333
1.066667 1.100000 1.133333 1.166667 1.200000 1.233333 1.266667 1.300000 1.333333 1.366667 1.400000 1.433333 1.466667 1.500000 1.533333 1.566667
1.600000 1.633333 1.666667 1.700000 1.733333 1.766667 1.800000 1.833333 1.866667 1.900000 1.933333 1.966667 2.000000 2.033333 2.066667 2.100000</float_array>
        <technique_common>
          <accessor source="#mixamorig_Spine1-Matrix-animation-input-array" count="64">
            <param name="TIME" type="float"/>
          </accessor>
        </technique_common>
      </source>
      <source id="mixamorig_Spine1-Matrix-animation-output-transform">
        <float_array id="mixamorig_Spine1-Matrix-animation-output-transform-array" count="1024">

0.952986 -0.084359 -0.291035 0.000000 0.062548 0.994546 -0.083463 12.034000 0.296489 0.061336 0.953065 0.000000 0.000000 0.000000 0.000000 1.000000
0.965128 -0.098644 -0.242480 0.000000 0.089829 0.994839 -0.047175 12.034000 0.245882 0.023749 0.969009 0.000000 0.000000 0.000000 0.000000 1.000000
0.972008 -0.101192 -0.212039 0.000000 0.096428 0.994802 -0.032716 12.034000 0.214248 0.011354 0.976713 -0.000000 0.000000 0.000000 0.000000 1.000000
0.976327 -0.086369 -0.198307 0.000000 0.081193 0.996115 -0.034101 12.034000 0.200482 0.017193 0.979547 -0.000000 0.000000 0.000000 0.000000 1.000000
0.979380 -0.051851 -0.195262 0.000000 0.043923 0.998034 -0.044720 12.034000 0.197196 0.035221 0.979731 -0.000000 0.000000 0.000000 0.000000 1.000000
0.981478 -0.003076 -0.191552 -0.000000 -0.008030 0.998332 -0.057176 12.034000 0.191409 0.057655 0.979816 0.000000 0.000000 0.000000 0.000000 1.000000
0.982689 0.049554 -0.178511 0.000000 -0.062862 0.995587 -0.069677 12.034000 0.174271 0.079692 0.981468 0.000000 0.000000 0.000000 0.000000 1.000000
0.983489 0.095867 -0.153492 -0.000000 -0.109754 0.990343 -0.084702 12.034000 0.143889 0.100149 0.984513 0.000000 0.000000 0.000000 0.000000 1.000000
0.984465 0.129526 -0.118537 -0.000000 -0.142138 0.984266 -0.104961 12.034000 0.103077 0.120179 0.987387 0.000000 0.000000 0.000000 0.000000 1.000000
0.985679 0.149567 -0.077895 0.000000 -0.158836 0.978589 -0.130899 12.034000 0.056649 0.141397 0.988331 0.000000 0.000000 0.000000 0.000000 1.000000
0.986651 0.158749 -0.036323 0.000000 -0.162554 0.973517 -0.160753 12.034000 0.009842 0.164511 0.986326 -0.000000 0.000000 0.000000 0.000000 1.000000
0.986955 0.160979 0.002226 0.000000 -0.157600 0.968880 -0.190875 12.034000 -0.032883 0.188034 0.981612 0.000000 0.000000 0.000000 0.000000 1.000000
0.986667 0.158592 0.036566 -0.000000 -0.147138 0.965226 -0.216078 12.034000 -0.069563 0.207817 0.975691 0.000000 0.000000 0.000000 0.000000 1.000000
0.986035 0.151442 0.069289 -0.000000 -0.131785 0.963900 -0.231363 12.034000 -0.101826 0.219001 0.970397 0.000000 0.000000 0.000000 0.000000 1.000000
0.984907 0.138619 0.103653 0.000000 -0.111220 0.965697 -0.234647 12.034000 -0.132624 0.219577 0.966539 -0.000000 0.000000 0.000000 0.000000 1.000000
0.982897 0.121156 0.138688 0.000000 -0.087288 0.969637 -0.228440 12.034000 -0.162154 0.212427 0.963629 0.000000 0.000000 0.000000 0.000000 1.000000
0.980649 0.103118 0.166416 -0.000000 -0.065164 0.973496 -0.219223 12.034000 -0.184611 0.204136 0.961378 0.000000 0.000000 0.000000 0.000000 1.000000
0.980223 0.089250 0.176629 0.000000 -0.050344 0.975625 -0.213592 12.034000 -0.191387 0.200476 0.960823 -0.000000 0.000000 0.000000 0.000000 1.000000
0.982917 0.079617 0.165935 0.000000 -0.042912 0.975881 -0.214044 12.034000 -0.178974 0.203267 0.962627 -0.000000 0.000000 0.000000 0.000000 1.000000
0.987665 0.067417 0.141324 0.000000 -0.035447 0.975400 -0.217573 12.034000 -0.152515 0.209880 0.965759 0.000000 0.000000 0.000000 0.000000 1.000000
0.992430 0.043008 0.115034 0.000000 -0.016923 0.975630 -0.218767 12.034000 -0.121640 0.215165 0.968973 0.000000 0.000000 0.000000 0.000000 1.000000
0.995603 0.002125 0.093647 -0.000000 0.017969 0.976844 -0.213197 12.034000 -0.091931 0.213942 0.972511 0.000000 0.000000 0.000000 0.000000 1.000000
0.995973 -0.050425 0.074123 -0.000000 0.064349 0.977788 -0.199472 12.034000 -0.062419 0.203439 0.977096 0.000000 0.000000 0.000000 0.000000 1.000000
0.993478 -0.103170 0.048546 0.000000 0.110335 0.977253 -0.181116 12.034000 -0.028756 0.185291 0.982263 0.000000 0.000000 0.000000 0.000000 1.000000
0.989315 -0.145195 0.013229 0.000000 0.145371 0.975432 -0.165527 12.034000 0.011129 0.165681 0.986117 0.000000 0.000000 0.000000 0.000000 1.000000
0.984666 -0.172260 -0.027543 0.000000 0.165835 0.973306 -0.158665 12.034000 0.054140 0.151665 0.986948 0.000000 0.000000 0.000000 0.000000 1.000000
0.980248 -0.186595 -0.065549 0.000000 0.174074 0.971336 -0.161877 12.034000 0.093875 0.147269 0.984631 0.000000 0.000000 0.000000 0.000000 1.000000
0.976620 -0.193236 -0.094201 0.000000 0.175213 0.969387 -0.172015 12.034000 0.124557 0.151488 0.980580 0.000000 0.000000 0.000000 0.000000 1.000000
0.974194 -0.195797 -0.112290 0.000000 0.173333 0.967629 -0.183441 12.034000 0.144572 0.159243 0.976596 0.000000 0.000000 0.000000 0.000000 1.000000
0.973002 -0.194931 -0.123571 0.000000 0.169497 0.966912 -0.190662 12.034000 0.156648 0.164569 0.973847 0.000000 0.000000 0.000000 0.000000 1.000000
0.972716 -0.189416 -0.133957 0.000000 0.162259 0.968139 -0.190731 12.034000 0.165816 0.163792 0.972459 0.000000 0.000000 0.000000 0.000000 1.000000
0.972818 -0.178237 -0.147841 0.000000 0.149800 0.971218 -0.185190 12.034000 0.176594 0.158009 0.971518 0.000000 0.000000 0.000000 0.000000 1.000000
0.972850 -0.162159 -0.165125 0.000000 0.131973 0.974815 -0.179777 12.034000 0.190119 0.153104 0.969749 0.000000 0.000000 0.000000 0.000000 1.000000
0.972908 -0.142957 -0.181697 0.000000 0.109936 0.977436 -0.180371 12.034000 0.203383 0.155509 0.966671 -0.000000 0.000000 0.000000 0.000000 1.000000
0.973821 -0.121646 -0.192029 -0.000000 0.084937 0.978298 -0.188997 12.034000 0.210852 0.167738 0.963019 0.000000 0.000000 0.000000 0.000000 1.000000
0.976560 -0.096799 -0.192250 0.000000 0.057181 0.977747 -0.201843 12.034000 0.207510 0.186118 0.960364 0.000000 0.000000 0.000000 0.000000 1.000000
0.981211 -0.064973 -0.181670 0.000000 0.025527 0.977032 -0.211556 12.034000 0.191243 0.202943 0.960333 0.000000 0.000000 0.000000 0.000000 1.000000
0.986533 -0.023207 -0.161908 0.000000 -0.011934 0.977032 -0.212760 12.034000 0.163127 0.211827 0.963597 0.000000 0.000000 0.000000 0.000000 1.000000
0.990366 0.028373 -0.135538 -0.000000 -0.056136 0.977013 -0.205657 12.034000 0.126588 0.211284 0.969193 0.000000 0.000000 0.000000 0.000000 1.000000
0.990804 0.085374 -0.104972 -0.000000 -0.104743 0.975071 -0.195614 12.034000 0.085655 0.204810 0.975047 0.000000 0.000000 0.000000 0.000000 1.000000
0.987393 0.140713 -0.072498 0.000000 -0.152111 0.970202 -0.188602 12.034000 0.043799 0.197252 0.979374 0.000000 0.000000 0.000000 0.000000 1.000000
0.981381 0.187633 -0.041045 -0.000000 -0.192022 0.963268 -0.187731 12.034000 0.004313 0.192118 0.981362 -0.000000 0.000000 0.000000 0.000000 1.000000
0.974876 0.222288 -0.014288 0.000000 -0.220826 0.956072 -0.192775 12.034000 -0.029192 0.191087 0.981139 -0.000000 0.000000 0.000000 0.000000 1.000000
0.969744 0.244070 0.005117 0.000000 -0.238035 0.950003 -0.202071 12.034000 -0.054181 0.194739 0.979358 0.000000 0.000000 0.000000 0.000000 1.000000
0.967056 0.253953 0.017607 0.000000 -0.244484 0.945813 -0.213696 12.034000 -0.070921 0.202351 0.976742 0.000000 0.000000 0.000000 0.000000 1.000000
0.967017 0.253266 0.027103 0.000000 -0.240948 0.944075 -0.225093 12.034000 -0.082595 0.211138 0.973960 -0.000000 0.000000 0.000000 0.000000 1.000000
0.969088 0.243656 0.038723 0.000000 -0.228364 0.945292 -0.232965 12.034000 -0.093368 0.216920 0.971714 0.000000 0.000000 0.000000 0.000000 1.000000
0.972112 0.228085 0.054545 0.000000 -0.209513 0.949153 -0.234976 12.034000 -0.105366 0.216995 0.970470 -0.000000 0.000000 0.000000 0.000000 1.000000
0.974841 0.210952 0.072007 0.000000 -0.189444 0.954319 -0.231056 12.034000 -0.117459 0.211602 0.970272 0.000000 0.000000 0.000000 0.000000 1.000000
0.976646 0.196992 0.085772 0.000000 -0.173873 0.959165 -0.223095 12.034000 -0.126218 0.202972 0.971016 0.000000 0.000000 0.000000 0.000000 1.000000
0.977641 0.189319 0.091523 0.000000 -0.166291 0.962452 -0.214556 12.034000 -0.128706 0.194539 0.972414 0.000000 0.000000 0.000000 0.000000 1.000000
0.978618 0.185775 0.088283 -0.000000 -0.164457 0.964505 -0.206602 12.034000 -0.123531 0.187666 0.974434 0.000000 0.000000 0.000000 0.000000 1.000000
0.980635 0.179913 0.077376 0.000000 -0.161805 0.966863 -0.197473 12.034000 -0.110340 0.181129 0.977250 0.000000 0.000000 0.000000 0.000000 1.000000
0.984381 0.165362 0.060414 -0.000000 -0.151711 0.970871 -0.185456 12.034000 -0.089322 0.173394 0.980794 -0.000000 0.000000 0.000000 0.000000 1.000000
0.989422 0.139874 0.038463 0.000000 -0.131397 0.976475 -0.170971 12.034000 -0.061473 0.164108 0.984525 0.000000 0.000000 0.000000 0.000000 1.000000
0.994242 0.106387 0.012800 0.000000 -0.103096 0.982301 -0.156382 12.034000 -0.029210 0.154162 0.987614 -0.000000 0.000000 0.000000 0.000000 1.000000
0.997375 0.070901 -0.014686 0.000000 -0.072280 0.986930 -0.144030 12.034000 0.004282 0.144713 0.989464 0.000000 0.000000 0.000000 0.000000 1.000000
0.998329 0.038886 -0.042752 -0.000000 -0.044314 0.989939 -0.134380 12.034000 0.037096 0.136050 0.990007 -0.000000 0.000000 0.000000 0.000000 1.000000
0.997284 0.012162 -0.072640 0.000000 -0.021302 0.991750 -0.126407 12.034000 0.070504 0.127611 0.989315 -0.000000 0.000000 0.000000 0.000000 1.000000
0.994201 -0.009276 -0.107141 0.000000 -0.003535 0.992916 -0.118762 12.034000 0.107484 0.118452 0.987125 0.000000 0.000000 0.000000 0.000000 1.000000
0.988539 -0.028360 -0.148281 0.000000 0.011933 0.993802 -0.110521 12.034000 0.150496 0.107485 0.982750 0.000000 0.000000 0.000000 0.000000 1.000000
0.979702 -0.047020 -0.194865 0.000000 0.027505 0.994438 -0.101671 12.034000 0.198562 0.094248 0.975546 0.000000 0.000000 0.000000 0.000000 1.000000
0.967643 -0.065753 -0.243605 0.000000 0.044357 0.994742 -0.092306 12.034000 0.248394 0.078514 0.965472 0.000000 0.000000 0.000000 0.000000 1.000000
0.952986 -0.084359 -0.291035 -0.000000 0.062548 0.994546 -0.083463 12.034000 0.296489 0.061336 0.953065 0.000000 0.000000 0.000000 0.000000 1.000000</float_array>
        <technique_common>
          <accessor source="#mixamorig_Spine1-Matrix-animation-output-transform-array" count="64" stride="16">
            <param type="float4x4"/>
          </accessor>
        </technique_common>
      </source>
      <source id="mixamorig_Spine1-Interpolations">
        <Name_array id="mixamorig_Spine1-Interpolations-array" count="64">
 LINEAR LINEAR LINEAR LINEAR LINEAR LINEAR LINEAR LINEAR LINEAR LINEAR LINEAR
LINEAR LINEAR LINEAR LINEAR LINEAR LINEAR LINEAR LINEAR LINEAR LINEAR LINEAR LINEAR
LINEAR LINEAR LINEAR LINEAR LINEAR LINEAR LINEAR LINEAR LINEAR LINEAR LINEAR LINEAR
LINEAR LINEAR LINEAR LINEAR LINEAR LINEAR LINEAR LINEAR LINEAR LINEAR LINEAR LINEAR
LINEAR LINEAR LINEAR LINEAR LINEAR LINEAR LINEAR LINEAR LINEAR LINEAR LINEAR LINEAR
LINEAR LINEAR LINEAR LINEAR LINEAR</Name_array>
        <technique_common>
          <accessor source="#mixamorig_Spine1-Interpolations-array" count="64">
            <param type="name"/>
          </accessor>
        </technique_common>
      </source>
      <sampler id="mixamorig_Spine1-Matrix-animation-transform">
        <input semantic="INPUT" source="#mixamorig_Spine1-Matrix-animation-input"/>
        <input semantic="OUTPUT" source="#mixamorig_Spine1-Matrix-animation-output-transform"/>
        <input semantic="INTERPOLATION" source="#mixamorig_Spine1-Interpolations"/>
      </sampler>
      <channel source="#mixamorig_Spine1-Matrix-animation-transform" target="mixamorig_Spine1/matrix"/>
    </animation>
    <animation id="mixamorig_Spine2-anim" name="mixamorig_Spine2">
      <source id="mixamorig_Spine2-Matrix-animation-input">
        <float_array id="mixamorig_Spine2-Matrix-animation-input-array" count="64">

0.000000 0.033333 0.066667 0.100000 0.133333 0.166667 0.200000 0.233333 0.266667 0.300000 0.333333 0.366667 0.400000 0.433333 0.466667 0.500000
0.533333 0.566667 0.600000 0.633333 0.666667 0.700000 0.733333 0.766667 0.800000 0.833333 0.866667 0.900000 0.933333 0.966667 1.000000 1.033333
1.066667 1.100000 1.133333 1.166667 1.200000 1.233333 1.266667 1.300000 1.333333 1.366667 1.400000 1.433333 1.466667 1.500000 1.533333 1.566667
1.600000 1.633333 1.666667 1.700000 1.733333 1.766667 1.800000 1.833333 1.866667 1.900000 1.933333 1.966667 2.000000 2.033333 2.066667 2.100000</float_array>
        <technique_common>
          <accessor source="#mixamorig_Spine2-Matrix-animation-input-array" count="64">
            <param name="TIME" type="float"/>
          </accessor>
        </technique_common>
      </source>
      <source id="mixamorig_Spine2-Matrix-animation-output-transform">
        <float_array id="mixamorig_Spine2-Matrix-animation-output-transform-array" count="1024">

0.953175 -0.081098 -0.291344 0.000000 0.058481 0.994618 -0.085533 13.753100 0.296712 0.064490 0.952787 0.000000 0.000000 0.000000 0.000000 1.000000
0.965200 -0.096623 -0.243006 0.000000 0.087328 0.994985 -0.048761 13.753100 0.246499 0.025843 0.968798 0.000000 0.000000 0.000000 0.000000 1.000000
0.972047 -0.099792 -0.212523 -0.000000 0.094692 0.994924 -0.034069 13.753100 0.214844 0.012993 0.976562 0.000000 0.000000 0.000000 0.000000 1.000000
0.976370 -0.085316 -0.198549 0.000000 0.079848 0.996178 -0.035403 13.753100 0.200811 0.018712 0.979451 0.000000 0.000000 0.000000 0.000000 1.000000
0.979430 -0.051107 -0.195204 0.000000 0.042920 0.998021 -0.045947 13.753100 0.197166 0.036624 0.979686 0.000000 0.000000 0.000000 0.000000 1.000000
0.981516 -0.002671 -0.191359 0.000000 -0.008605 0.998275 -0.058071 13.753100 0.191184 0.058644 0.979801 -0.000000 0.000000 0.000000 0.000000 1.000000
0.982696 0.049710 -0.178430 0.000000 -0.063066 0.995553 -0.069978 13.753100 0.174158 0.080020 0.981461 0.000000 0.000000 0.000000 0.000000 1.000000
0.983457 0.095966 -0.153635 -0.000000 -0.109825 0.990361 -0.084402 13.753100 0.144054 0.099878 0.984517 0.000000 0.000000 0.000000 0.000000 1.000000
0.984410 0.129704 -0.118800 0.000000 -0.142286 0.984308 -0.104370 13.753100 0.103399 0.119646 0.987418 0.000000 0.000000 0.000000 0.000000 1.000000
0.985632 0.149788 -0.078061 -0.000000 -0.159051 0.978619 -0.130411 13.753100 0.056858 0.140952 0.988382 0.000000 0.000000 0.000000 0.000000 1.000000
