<?xml version="1.0" encoding="utf-8"?>
<COLLADA xmlns="http://www.collada.org/2005/11/COLLADASchema" version="1.4.1">
  <asset>
    <contributor>
      <author>Mixamo</author>
      <authoring_tool>COLLADA Mixamo exporter</authoring_tool>
      <comments/>
    </contributor>
    <created>2024-12-15T14:24:45Z</created>
    <modified>2024-12-15T14:24:45Z</modified>
    <revision/>
    <title/>
    <unit meter="0.010000"/>
    <up_axis>Y_UP</up_axis>
  </asset>
  <library_animations>
    <animation id="mixamorig1_Hips-anim" name="mixamorig1_Hips">
      <source id="mixamorig1_Hips-Matrix-animation-input">
        <float_array id="mixamorig1_Hips-Matrix-animation-input-array" count="225">

0.000000 0.033333 0.066667 0.100000 0.133333 0.166667 0.200000 0.233333 0.266667 0.300000 0.333333 0.366667 0.400000 0.433333 0.466667 0.500000
0.533333 0.566667 0.600000 0.633333 0.666667 0.700000 0.733333 0.766667 0.800000 0.833333 0.866667 0.900000 0.933333 0.966667 1.000000 1.033333
1.066667 1.100000 1.133333 1.166667 1.200000 1.233333 1.266667 1.300000 1.333333 1.366667 1.400000 1.433333 1.466667 1.500000 1.533333 1.566667
1.600000 1.633333 1.666667 1.700000 1.733333 1.766667 1.800000 1.833333 1.866667 1.900000 1.933333 1.966667 2.000000 2.033333 2.066667 2.100000
2.133333 2.166667 2.200000 2.233333 2.266667 2.300000 2.333333 2.366667 2.400000 2.433333 2.466667 2.500000 2.533333 2.566667 2.600000 2.633333
2.666667 2.700000 2.733333 2.766667 2.800000 2.833333 2.866667 2.900000 2.933333 2.966667 3.000000 3.033333 3.066667 3.100000 3.133333 3.166667
3.200000 3.233333 3.266667 3.300000 3.333333 3.366667 3.400000 3.433333 3.466667 3.500000 3.533333 3.566667 3.600000 3.633333 3.666667 3.700000
3.733333 3.766667 3.800000 3.833333 3.866667 3.900000 3.933333 3.966667 4.000000 4.033333 4.066667 4.100000 4.133333 4.166667 4.200000 4.233333
4.266667 4.300000 4.333333 4.366667 4.400000 4.433333 4.466667 4.500000 4.533333 4.566667 4.600000 4.633333 4.666667 4.700000 4.733333 4.766667
4.800000 4.833333 4.866667 4.900000 4.933333 4.966667 5.000000 5.033333 5.066667 5.100000 5.133333 5.166667 5.200000 5.233333 5.266667 5.300000
5.333333 5.366667 5.400000 5.433333 5.466667 5.500000 5.533333 5.566667 5.600000 5.633333 5.666667 5.700000 5.733333 5.766667 5.800000 5.833333
5.866667 5.900000 5.933333 5.966667 6.000000 6.033333 6.066667 6.100000 6.133333 6.166667 6.200000 6.233333 6.266667 6.300000 6.333333 6.366667
6.400000 6.433333 6.466667 6.500000 6.533333 6.566667 6.600000 6.633333 6.666667 6.700000 6.733333 6.766667 6.800000 6.833333 6.866667 6.900000
6.933333 6.966667 7.000000 7.033333 7.066667 7.100000 7.133333 7.166667 7.200000 7.233333 7.266667 7.300000 7.333333 7.366667 7.400000 7.433333
7.466667</float_array>
        <technique_common>
          <accessor source="#mixamorig1_Hips-Matrix-animation-input-array" count="225">
            <param name="TIME" type="float"/>
          </accessor>
        </technique_common>
      </source>
      <source id="mixamorig1_Hips-Matrix-animation-output-transform">
        <float_array id="mixamorig1_Hips-Matrix-animation-output-transform-array" count="3600">

0.074932 -0.055546 -0.995640 0.461342 0.082426 0.995376 -0.049328 39.423141 0.993776 -0.078370 0.079164 -0.024914 0.000000 0.000000 0.000000 1.000000
0.026639 -0.045981 -0.998587 0.484949 0.057983 0.997331 -0.044376 39.570232 0.997962 -0.056719 0.029234 0.256828 0.000000 0.000000 0.000000 1.000000
-0.014475 -0.039805 -0.999103 0.506783 0.040782 0.998352 -0.040366 39.716942 0.999063 -0.041330 -0.012828 0.676257 0.000000 0.000000 0.000000 1.000000
-0.045242 -0.037077 -0.998288 0.542578 0.032142 0.998740 -0.038551 39.872597 0.998459 -0.033831 -0.043993 1.233176 0.000000 0.000000 0.000000 1.000000
-0.071058 -0.040782 -0.996638 0.585233 0.026028 0.998748 -0.042724 40.083981 0.997132 -0.028977 -0.069908 1.819475 0.000000 0.000000 0.000000 1.000000
-0.097243 -0.051296 -0.993938 0.595457 0.016226 0.998456 -0.053117 40.369484 0.995128 -0.021293 -0.096261 2.347568 0.000000 0.000000 0.000000 1.000000
-0.121720 -0.064508 -0.990466 0.602121 0.002564 0.997862 -0.065305 40.723076 0.992561 -0.010489 -0.121295 2.819103 0.000000 0.000000 0.000000 1.000000
-0.140059 -0.076081 -0.987216 0.616167 -0.011603 0.997101 -0.075197 41.152405 0.990075 0.000923 -0.140536 3.243640 0.000000 0.000000 0.000000 1.000000
-0.149416 -0.082773 -0.985304 0.642920 -0.022824 0.996513 -0.080254 41.654530 0.988511 0.010497 -0.150784 3.626825 0.000000 0.000000 0.000000 1.000000
-0.149455 -0.084266 -0.985171 0.685618 -0.030033 0.996289 -0.080661 42.217728 0.988312 0.017532 -0.151432 3.965356 0.000000 0.000000 0.000000 1.000000
-0.141378 -0.082996 -0.986470 0.736944 -0.033896 0.996301 -0.078965 42.835739 0.989375 0.022274 -0.143669 4.237929 0.000000 0.000000 0.000000 1.000000
-0.127670 -0.083723 -0.988277 0.779113 -0.036821 0.996144 -0.079632 43.492596 0.991133 0.026223 -0.130260 4.414753 0.000000 0.000000 0.000000 1.000000
-0.110206 -0.090307 -0.989798 0.797632 -0.040790 0.995436 -0.086280 44.151188 0.993071 0.030865 -0.113387 4.476587 0.000000 0.000000 0.000000 1.000000
-0.088175 -0.100281 -0.991044 0.800995 -0.044153 0.994335 -0.096685 44.783756 0.995126 0.035233 -0.092103 4.440283 0.000000 0.000000 0.000000 1.000000
-0.059949 -0.107329 -0.992415 0.809445 -0.043883 0.993525 -0.104799 45.377686 0.997236 0.037267 -0.064270 4.329529 0.000000 0.000000 0.000000 1.000000
-0.025597 -0.108157 -0.993804 0.831440 -0.039021 0.993480 -0.107117 45.925339 0.998910 0.036037 -0.029651 4.154545 0.000000 0.000000 0.000000 1.000000
0.012439 -0.106409 -0.994245 0.855304 -0.031356 0.993791 -0.106753 46.415745 0.999431 0.032504 0.009025 3.919750 0.000000 0.000000 0.000000 1.000000
0.051858 -0.106061 -0.993007 0.871477 -0.022802 0.993959 -0.107353 46.820297 0.998394 0.028210 0.049126 3.623695 0.000000 0.000000 0.000000 1.000000
0.092005 -0.107336 -0.989957 0.879882 -0.014312 0.993928 -0.109097 47.106102 0.995656 0.024205 0.089910 3.264249 0.000000 0.000000 0.000000 1.000000
0.133496 -0.108112 -0.985135 0.886816 -0.006199 0.993922 -0.109916 47.273003 0.991030 0.020780 0.132014 2.855217 0.000000 0.000000 0.000000 1.000000
0.176370 -0.107985 -0.978383 0.884495 0.001330 0.993989 -0.109468 47.350819 0.984323 0.018006 0.175454 2.416354 0.000000 0.000000 0.000000 1.000000
0.218989 -0.109168 -0.969601 0.869441 0.007399 0.993879 -0.110230 47.359615 0.975699 0.016965 0.218456 1.959778 0.000000 0.000000 0.000000 1.000000
0.259395 -0.112150 -0.959238 0.828639 0.010939 0.993512 -0.113199 47.322842 0.965709 0.018870 0.258939 1.495124 0.000000 0.000000 0.000000 1.000000
0.297114 -0.114465 -0.947956 0.757517 0.012521 0.993170 -0.116000 47.229591 0.954760 0.022596 0.296518 1.025647 0.000000 0.000000 0.000000 1.000000
0.332188 -0.114321 -0.936259 0.661393 0.013472 0.993101 -0.116482 47.069763 0.943117 0.026080 0.331437 0.550532 0.000000 0.000000 0.000000 1.000000
0.364004 -0.111967 -0.924643 0.548381 0.013747 0.993286 -0.114867 46.847351 0.931296 0.029101 0.363099 0.073135 0.000000 0.000000 0.000000 1.000000
0.392051 -0.107795 -0.913606 0.423883 0.012558 0.993646 -0.111850 46.578533 0.919858 0.032378 0.390914 -0.400649 0.000000 0.000000 0.000000 1.000000
0.416647 -0.101054 -0.903434 0.289782 0.009437 0.994230 -0.106858 46.281948 0.909019 0.035997 0.415197 -0.870726 0.000000 0.000000 0.000000 1.000000
0.438762 -0.091660 -0.893916 0.147647 0.004676 0.995004 -0.099730 45.970436 0.898591 0.039578 0.436999 -1.335218 0.000000 0.000000 0.000000 1.000000
0.459291 -0.082194 -0.884475 0.004518 -0.000054 0.995707 -0.092559 45.645088 0.888286 0.042559 0.457315 -1.778125 0.000000 0.000000 0.000000 1.000000
0.478066 -0.075980 -0.875031 -0.126957 -0.002775 0.996116 -0.088010 45.301197 0.878319 0.044503 0.475999 -2.184048 0.000000 0.000000 0.000000 1.000000
0.494340 -0.074092 -0.866106 -0.238048 -0.002970 0.996211 -0.086917 44.937614 0.869264 0.045539 0.492246 -2.558647 0.000000 0.000000 0.000000 1.000000
0.508077 -0.075019 -0.858038 -0.328096 -0.001349 0.996129 -0.087891 44.558140 0.861311 0.045813 0.506009 -2.919249 0.000000 0.000000 0.000000 1.000000
0.519642 -0.076589 -0.850945 -0.395584 0.001357 0.996047 -0.088821 44.172379 0.854383 0.045000 0.517691 -3.270349 0.000000 0.000000 0.000000 1.000000
0.529099 -0.078438 -0.844927 -0.432661 0.005067 0.995993 -0.089289 43.784176 0.848545 0.042962 0.527377 -3.592848 0.000000 0.000000 0.000000 1.000000
0.536341 -0.082048 -0.840004 -0.434726 0.010325 0.995827 -0.090676 43.394783 0.843938 0.039961 0.534950 -3.875574 0.000000 0.000000 0.000000 1.000000
0.541032 -0.088002 -0.836385 -0.404713 0.017015 0.995452 -0.093732 43.009743 0.840830 0.036481 0.540068 -4.122561 0.000000 0.000000 0.000000 1.000000
0.542897 -0.094987 -0.834410 -0.345687 0.024192 0.994939 -0.097521 42.640823 0.839451 0.032758 0.542447 -4.340329 0.000000 0.000000 0.000000 1.000000
0.542149 -0.101598 -0.834118 -0.258474 0.031291 0.994416 -0.100785 42.295055 0.839700 0.028540 0.542301 -4.526994 0.000000 0.000000 0.000000 1.000000
0.538880 -0.106717 -0.835596 -0.145847 0.038275 0.994020 -0.102266 41.968555 0.841513 0.023126 0.539742 -4.676232 0.000000 0.000000 0.000000 1.000000
0.532687 -0.109304 -0.839224 -0.010296 0.045010 0.993880 -0.100877 41.656853 0.845115 0.015962 0.534347 -4.789561 0.000000 0.000000 0.000000 1.000000
0.523336 -0.110031 -0.844992 0.148683 0.051265 0.993898 -0.097670 41.355202 0.850583 0.007795 0.525784 -4.872190 0.000000 0.000000 0.000000 1.000000
0.511074 -0.111442 -0.852282 0.327596 0.057183 0.993771 -0.095653 41.045525 0.857632 0.000150 0.514263 -4.913476 0.000000 0.000000 0.000000 1.000000
0.496195 -0.113999 -0.860694 0.514743 0.062556 0.993460 -0.095520 40.697838 0.865955 -0.006445 0.500081 -4.875590 0.000000 0.000000 0.000000 1.000000
0.478937 -0.113937 -0.870424 0.699125 0.066084 0.993407 -0.093674 40.305237 0.875358 -0.012657 0.483309 -4.720642 0.000000 0.000000 0.000000 1.000000
0.459616 -0.107346 -0.881607 0.883962 0.066762 0.994036 -0.086230 39.912033 0.885605 -0.019225 0.464041 -4.464132 0.000000 0.000000 0.000000 1.000000
0.438745 -0.094858 -0.893591 1.080573 0.065167 0.995153 -0.073642 39.577808 0.896245 -0.025922 0.442800 -4.173747 0.000000 0.000000 0.000000 1.000000
0.416764 -0.080678 -0.905428 1.287750 0.062358 0.996245 -0.060067 39.295860 0.906873 -0.031427 0.420230 -3.890035 0.000000 0.000000 0.000000 1.000000
0.393853 -0.068301 -0.916632 1.490912 0.059304 0.997046 -0.048811 39.041363 0.917258 -0.035135 0.396740 -3.591414 0.000000 0.000000 0.000000 1.000000
0.369600 -0.057957 -0.927382 1.680927 0.056538 0.997606 -0.039813 38.805851 0.927469 -0.037718 0.371992 -3.225945 0.000000 0.000000 0.000000 1.000000
0.343350 -0.048592 -0.937950 1.863183 0.053827 0.998037 -0.032000 38.612343 0.937664 -0.039500 0.345292 -2.801881 0.000000 0.000000 0.000000 1.000000
0.313911 -0.040344 -0.948595 2.041422 0.049691 0.998426 -0.026019 38.486519 0.948151 -0.038969 0.315421 -2.353167 0.000000 0.000000 0.000000 1.000000
0.280747 -0.033248 -0.959206 2.200038 0.043769 0.998804 -0.021810 38.428696 0.958783 -0.035861 0.281867 -1.887712 0.000000 0.000000 0.000000 1.000000
0.245689 -0.024793 -0.969032 2.318797 0.038773 0.999124 -0.015732 38.429272 0.968573 -0.033707 0.246435 -1.394916 0.000000 0.000000 0.000000 1.000000
0.210511 -0.012361 -0.977513 2.402018 0.036939 0.999307 -0.004681 38.486782 0.976893 -0.035123 0.210822 -0.880468 0.000000 0.000000 0.000000 1.000000
0.174590 0.001204 -0.984641 2.475109 0.036247 0.999314 0.007649 38.607391 0.983974 -0.037026 0.174426 -0.366198 0.000000 0.000000 0.000000 1.000000
0.137440 0.009936 -0.990460 2.552830 0.033621 0.999327 0.014690 38.788403 0.989939 -0.035319 0.137014 0.137165 0.000000 0.000000 0.000000 1.000000
0.100032 0.012052 -0.994911 2.632303 0.028890 0.999470 0.015012 39.022671 0.994565 -0.030245 0.099631 0.632038 0.000000 0.000000 0.000000 1.000000
0.063419 0.010011 -0.997937 2.710567 0.023019 0.999669 0.011491 39.304340 0.997721 -0.023701 0.063167 1.116069 0.000000 0.000000 0.000000 1.000000
0.028755 0.005542 -0.999571 2.785686 0.015942 0.999855 0.006002 39.621872 0.999459 -0.016108 0.028663 1.583466 0.000000 0.000000 0.000000 1.000000
-0.002049 -0.001718 -0.999996 2.849617 0.007833 0.999968 -0.001734 39.972275 0.999967 -0.007836 -0.002036 2.035178 0.000000 0.000000 0.000000 1.000000
-0.026617 -0.011580 -0.999579 2.896870 -0.000133 0.999933 -0.011581 40.372723 0.999646 -0.000175 -0.026617 2.467056 0.000000 0.000000 0.000000 1.000000
-0.043424 -0.021924 -0.998816 2.932029 -0.007555 0.999738 -0.021616 40.827950 0.999028 0.006608 -0.043578 2.860479 0.000000 0.000000 0.000000 1.000000
-0.052844 -0.030442 -0.998139 2.964391 -0.015472 0.999440 -0.029663 41.311596 0.998483 0.013876 -0.053286 3.193996 0.000000 0.000000 0.000000 1.000000
-0.056149 -0.035881 -0.997777 3.000766 -0.024724 0.999098 -0.034537 41.785198 0.998116 0.022730 -0.056986 3.449352 0.000000 0.000000 0.000000 1.000000
-0.053495 -0.038892 -0.997810 3.037484 -0.034626 0.998713 -0.037070 42.227215 0.997968 0.032567 -0.054773 3.620555 0.000000 0.000000 0.000000 1.000000
-0.044127 -0.041385 -0.998168 3.066889 -0.043628 0.998268 -0.039460 42.627075 0.998073 0.041807 -0.045856 3.712410 0.000000 0.000000 0.000000 1.000000
-0.027981 -0.044142 -0.998633 3.091131 -0.050576 0.997807 -0.042688 42.970818 0.998328 0.049313 -0.030152 3.723984 0.000000 0.000000 0.000000 1.000000
-0.005939 -0.045652 -0.998940 3.117509 -0.055427 0.997437 -0.045254 43.258888 0.998445 0.055100 -0.008454 3.648760 0.000000 0.000000 0.000000 1.000000
0.021206 -0.044816 -0.998770 3.144176 -0.058671 0.997217 -0.045993 43.514675 0.998052 0.059574 0.018518 3.489332 0.000000 0.000000 0.000000 1.000000
0.053648 -0.043996 -0.997590 3.160749 -0.060176 0.997071 -0.047209 43.762871 0.996745 0.062563 0.050843 3.262650 0.000000 0.000000 0.000000 1.000000
0.091904 -0.045622 -0.994722 3.161791 -0.059716 0.996899 -0.051239 44.011383 0.993976 0.064110 0.088895 2.995501 0.000000 0.000000 0.000000 1.000000
0.134671 -0.047870 -0.989733 3.152166 -0.058348 0.996716 -0.056147 44.253208 0.989171 0.065310 0.131436 2.715444 0.000000 0.000000 0.000000 1.000000
0.178638 -0.047407 -0.982772 3.135800 -0.057849 0.996605 -0.058590 44.476891 0.982213 0.067319 0.175289 2.433535 0.000000 0.000000 0.000000 1.000000
0.220767 -0.043728 -0.974346 3.105183 -0.058482 0.996603 -0.057978 44.665268 0.973572 0.069781 0.217460 2.133662 0.000000 0.000000 0.000000 1.000000
0.259523 -0.038601 -0.964965 3.054888 -0.058338 0.996749 -0.055562 44.806755 0.963973 0.070714 0.256428 1.802542 0.000000 0.000000 0.000000 1.000000
0.294924 -0.033188 -0.954944 2.989772 -0.055583 0.997108 -0.051820 44.904995 0.953903 0.068362 0.292226 1.448593 0.000000 0.000000 0.000000 1.000000
0.327810 -0.026698 -0.944366 2.916618 -0.050800 0.997656 -0.045838 44.971420 0.943377 0.063000 0.325686 1.083667 0.000000 0.000000 0.000000 1.000000
0.358326 -0.018874 -0.933406 2.837148 -0.045736 0.998240 -0.037743 45.016880 0.932476 0.056215 0.356832 0.713449 0.000000 0.000000 0.000000 1.000000
0.385920 -0.012557 -0.922447 2.742318 -0.040502 0.998713 -0.030540 45.042126 0.921643 0.049147 0.384914 0.342813 0.000000 0.000000 0.000000 1.000000
0.410676 -0.011319 -0.911711 2.617488 -0.033825 0.999046 -0.027639 45.035217 0.911154 0.042189 0.409901 -0.019903 0.000000 0.000000 0.000000 1.000000
0.433210 -0.015533 -0.901159 2.464391 -0.025398 0.999244 -0.029432 44.983887 0.900935 0.035638 0.432488 -0.365208 0.000000 0.000000 0.000000 1.000000
0.454052 -0.022206 -0.890698 2.302819 -0.016557 0.999306 -0.033354 44.883759 0.890821 0.029891 0.453370 -0.687215 0.000000 0.000000 0.000000 1.000000
0.473222 -0.027346 -0.880519 2.145270 -0.009168 0.999311 -0.035963 44.737831 0.880896 0.025091 0.472645 -0.992455 0.000000 0.000000 0.000000 1.000000
0.489770 -0.029100 -0.871366 1.984029 -0.003808 0.999362 -0.035515 44.553474 0.871844 0.020712 0.489346 -1.299480 0.000000 0.000000 0.000000 1.000000
0.502433 -0.029385 -0.864116 1.806527 0.000854 0.999439 -0.033490 44.339836 0.864615 0.016089 0.502176 -1.624569 0.000000 0.000000 0.000000 1.000000
0.511100 -0.030941 -0.858964 1.618601 0.005957 0.999455 -0.032458 44.104874 0.859500 0.011473 0.511006 -1.963313 0.000000 0.000000 0.000000 1.000000
0.517615 -0.034059 -0.854935 1.441950 0.011253 0.999392 -0.033001 43.861229 0.855539 0.007461 0.517684 -2.304307 0.000000 0.000000 0.000000 1.000000
0.523865 -0.037589 -0.850971 1.291241 0.016477 0.999286 -0.033997 43.614716 0.851642 0.003788 0.524111 -2.639962 0.000000 0.000000 0.000000 1.000000
0.529514 -0.041336 -0.847294 1.166928 0.022131 0.999145 -0.034914 43.363556 0.848013 -0.000264 0.529976 -2.964462 0.000000 0.000000 0.000000 1.000000
0.532791 -0.046281 -0.844981 1.068297 0.028545 0.998918 -0.036713 43.115593 0.845766 -0.004559 0.533535 -3.272174 0.000000 0.000000 0.000000 1.000000
0.532707 -0.053448 -0.844610 1.000919 0.035747 0.998534 -0.040643 42.880939 0.845544 -0.008542 0.533837 -3.556100 0.000000 0.000000 0.000000 1.000000
0.529619 -0.063239 -0.845875 0.971411 0.044293 0.997918 -0.046873 42.651382 0.847079 -0.012642 0.531317 -3.810267 0.000000 0.000000 0.000000 1.000000
0.524128 -0.075041 -0.848327 0.984288 0.054729 0.997019 -0.054380 42.409370 0.849879 -0.017926 0.526673 -4.029520 0.000000 0.000000 0.000000 1.000000
0.516262 -0.087144 -0.851986 1.035851 0.066438 0.995887 -0.061605 42.152390 0.853850 -0.024800 0.519928 -4.210034 0.000000 0.000000 0.000000 1.000000
0.505441 -0.097867 -0.857293 1.109245 0.078071 0.994659 -0.067520 41.896103 0.859322 -0.032802 0.510382 -4.351340 0.000000 0.000000 0.000000 1.000000
0.491272 -0.106880 -0.864424 1.187473 0.088577 0.993428 -0.072490 41.652569 0.866491 -0.040956 0.497510 -4.452761 0.000000 0.000000 0.000000 1.000000
0.474342 -0.114260 -0.872894 1.266607 0.097143 0.992280 -0.077098 41.413853 0.874965 -0.048224 0.481779 -4.507256 0.000000 0.000000 0.000000 1.000000
0.455907 -0.119302 -0.881996 1.355241 0.103457 0.991361 -0.080617 41.165863 0.883994 -0.054495 0.464311 -4.502579 0.000000 0.000000 0.000000 1.000000
0.436497 -0.120834 -0.891555 1.469098 0.108006 0.990812 -0.081407 40.912140 0.893199 -0.060759 0.445537 -4.428063 0.000000 0.000000 0.000000 1.000000
0.414951 -0.117570 -0.902215 1.619232 0.110568 0.990783 -0.078259 40.661884 0.903100 -0.067283 0.424126 -4.285796 0.000000 0.000000 0.000000 1.000000
0.389326 -0.109646 -0.914551 1.797278 0.110072 0.991313 -0.071991 40.412319 0.914500 -0.072638 0.398012 -4.096033 0.000000 0.000000 0.000000 1.000000
0.359633 -0.098961 -0.927831 1.981084 0.106902 0.992182 -0.064389 40.170605 0.926950 -0.076031 0.367400 -3.871243 0.000000 0.000000 0.000000 1.000000
0.329050 -0.086627 -0.940331 2.157187 0.103217 0.993116 -0.055371 39.962700 0.938654 -0.078838 0.335727 -3.578459 0.000000 0.000000 0.000000 1.000000
0.299751 -0.073493 -0.951182 2.323673 0.100674 0.993898 -0.045068 39.793549 0.948691 -0.082251 0.305321 -3.210681 0.000000 0.000000 0.000000 1.000000
0.269450 -0.062452 -0.960987 2.474011 0.097970 0.994495 -0.037160 39.653015 0.958018 -0.084135 0.274086 -2.808906 0.000000 0.000000 0.000000 1.000000
0.235406 -0.055607 -0.970305 2.595514 0.092554 0.995107 -0.034574 39.539536 0.967480 -0.081667 0.239401 -2.407026 0.000000 0.000000 0.000000 1.000000
0.199742 -0.050458 -0.978549 2.681809 0.084649 0.995828 -0.034070 39.461342 0.976185 -0.076028 0.203179 -2.000468 0.000000 0.000000 0.000000 1.000000
0.167377 -0.042939 -0.984958 2.736856 0.076685 0.996591 -0.030415 39.418884 0.982906 -0.070440 0.170099 -1.572565 0.000000 0.000000 0.000000 1.000000
0.140025 -0.033862 -0.989569 2.773787 0.069885 0.997261 -0.024236 39.411720 0.987679 -0.065762 0.142008 -1.133301 0.000000 0.000000 0.000000 1.000000
0.114340 -0.027591 -0.993058 2.803411 0.063756 0.997757 -0.020381 39.440231 0.991394 -0.060983 0.115843 -0.710957 0.000000 0.000000 0.000000 1.000000
0.086734 -0.024955 -0.995919 2.824711 0.057774 0.998130 -0.019979 39.499638 0.994555 -0.055805 0.088014 -0.314065 0.000000 0.000000 0.000000 1.000000
0.058344 -0.022652 -0.998040 2.837450 0.051829 0.998463 -0.019631 39.583511 0.996950 -0.050582 0.059428 0.079153 0.000000 0.000000 0.000000 1.000000
0.031395 -0.019617 -0.999315 2.851814 0.045069 0.998818 -0.018191 39.691998 0.998490 -0.044467 0.032242 0.488862 0.000000 0.000000 0.000000 1.000000
0.005407 -0.018962 -0.999806 2.878182 0.035979 0.999177 -0.018755 39.829296 0.999338 -0.035871 0.006085 0.913927 0.000000 0.000000 0.000000 1.000000
-0.019469 -0.022735 -0.999552 2.907945 0.024744 0.999424 -0.023214 39.985657 0.999504 -0.025185 -0.018895 1.352618 0.000000 0.000000 0.000000 1.000000
-0.041278 -0.029500 -0.998712 2.918945 0.013688 0.999454 -0.030088 40.130749 0.999054 -0.014912 -0.040852 1.820602 0.000000 0.000000 0.000000 1.000000
-0.059136 -0.036736 -0.997574 2.905873 0.004681 0.999301 -0.037077 40.250206 0.998239 -0.006862 -0.058922 2.320239 0.000000 0.000000 0.000000 1.000000
-0.074236 -0.042220 -0.996347 2.890858 -0.003021 0.999108 -0.042112 40.374912 0.997236 -0.000117 -0.074297 2.812423 0.000000 0.000000 0.000000 1.000000
-0.088535 -0.044624 -0.995073 2.898512 -0.011805 0.998973 -0.043749 40.541096 0.996003 0.007874 -0.088971 3.260604 0.000000 0.000000 0.000000 1.000000
-0.102048 -0.044918 -0.993765 2.925786 -0.022074 0.998836 -0.042880 40.744965 0.994535 0.017560 -0.102920 3.669254 0.000000 0.000000 0.000000 1.000000
-0.111933 -0.046726 -0.992617 2.944501 -0.030782 0.998578 -0.043535 40.954937 0.993239 0.025682 -0.113212 4.060419 0.000000 0.000000 0.000000 1.000000
-0.115625 -0.052807 -0.991888 2.936628 -0.035483 0.998168 -0.049005 41.153885 0.992659 0.029529 -0.117286 4.439756 0.000000 0.000000 0.000000 1.000000
-0.113386 -0.060683 -0.991696 2.913862 -0.037605 0.997680 -0.056749 41.352768 0.992839 0.030859 -0.115405 4.788295 0.000000 0.000000 0.000000 1.000000
-0.106010 -0.065265 -0.992221 2.895375 -0.039825 0.997322 -0.061346 41.563965 0.993567 0.033012 -0.108325 5.065972 0.000000 0.000000 0.000000 1.000000
-0.092870 -0.065588 -0.993516 2.886089 -0.043035 0.997160 -0.061806 41.779430 0.994748 0.037016 -0.095429 5.241899 0.000000 0.000000 0.000000 1.000000
-0.073318 -0.064734 -0.995206 2.878103 -0.046917 0.997010 -0.061395 41.977242 0.996204 0.042191 -0.076136 5.311697 0.000000 0.000000 0.000000 1.000000
-0.047826 -0.064003 -0.996803 2.863764 -0.050851 0.996807 -0.061564 42.149899 0.997560 0.047744 -0.050928 5.289178 0.000000 0.000000 0.000000 1.000000
-0.017736 -0.061419 -0.997955 2.839761 -0.054148 0.996706 -0.060379 42.315090 0.998375 0.052966 -0.021003 5.184993 0.000000 0.000000 0.000000 1.000000
0.015596 -0.056756 -0.998266 2.804887 -0.056523 0.996741 -0.057552 42.497658 0.998279 0.057322 0.012338 5.001453 0.000000 0.000000 0.000000 1.000000
0.051085 -0.054058 -0.997230 2.759201 -0.058672 0.996647 -0.057032 42.702515 0.996969 0.061423 0.047742 4.752578 0.000000 0.000000 0.000000 1.000000
0.087462 -0.056019 -0.994591 2.705598 -0.061856 0.996186 -0.061549 42.913425 0.994246 0.066905 0.083664 4.467045 0.000000 0.000000 0.000000 1.000000
0.123877 -0.058856 -0.990551 2.645867 -0.066095 0.995533 -0.067418 43.118446 0.990094 0.073822 0.119433 4.163394 0.000000 0.000000 0.000000 1.000000
0.160124 -0.057181 -0.985439 2.575484 -0.069753 0.995170 -0.069080 43.311008 0.984629 0.079799 0.155362 3.841000 0.000000 0.000000 0.000000 1.000000
0.195734 -0.051436 -0.979307 2.490199 -0.071370 0.995228 -0.066537 43.472412 0.978057 0.082917 0.191129 3.494562 0.000000 0.000000 0.000000 1.000000
0.230480 -0.046069 -0.971986 2.390099 -0.070809 0.995436 -0.063971 43.593899 0.970497 0.083569 0.226166 3.133315 0.000000 0.000000 0.000000 1.000000
0.264710 -0.043107 -0.963364 2.271068 -0.068921 0.995600 -0.063488 43.694977 0.961862 0.083202 0.260574 2.764681 0.000000 0.000000 0.000000 1.000000
0.298437 -0.041608 -0.953522 2.123316 -0.067002 0.995671 -0.064418 43.802601 0.952075 0.083112 0.294358 2.387667 0.000000 0.000000 0.000000 1.000000
0.331208 -0.040260 -0.942698 1.944811 -0.065847 0.995667 -0.065657 43.930561 0.941257 0.083820 0.327122 2.007557 0.000000 0.000000 0.000000 1.000000
0.362836 -0.038148 -0.931072 1.745613 -0.064243 0.995760 -0.065834 44.070904 0.929636 0.083702 0.358847 1.624706 0.000000 0.000000 0.000000 1.000000
0.392941 -0.035316 -0.918885 1.539616 -0.059990 0.996149 -0.063938 44.207153 0.917605 0.080248 0.389309 1.242351 0.000000 0.000000 0.000000 1.000000
0.420711 -0.033027 -0.906593 1.329765 -0.052876 0.996745 -0.060848 44.326591 0.905652 0.073537 0.417596 0.880574 0.000000 0.000000 0.000000 1.000000
0.445565 -0.032500 -0.894659 1.112923 -0.044455 0.997305 -0.058369 44.426506 0.894145 0.065779 0.442920 0.558021 0.000000 0.000000 0.000000 1.000000
0.466998 -0.033707 -0.883616 0.894369 -0.035774 0.997735 -0.056966 44.514828 0.883534 0.058213 0.464735 0.261623 0.000000 0.000000 0.000000 1.000000
0.484123 -0.035939 -0.874261 0.687197 -0.026869 0.998074 -0.055907 44.609371 0.874587 0.050556 0.482225 -0.043314 0.000000 0.000000 0.000000 1.000000
0.496618 -0.039228 -0.867082 0.495974 -0.017296 0.998333 -0.055072 44.721252 0.867797 0.042346 0.495112 -0.379169 0.000000 0.000000 0.000000 1.000000
0.506107 -0.044298 -0.861332 0.311455 -0.006530 0.998455 -0.055188 44.840130 0.862446 0.033556 0.505036 -0.741714 0.000000 0.000000 0.000000 1.000000
0.514899 -0.051071 -0.855728 0.126027 0.004977 0.998385 -0.056591 44.944016 0.857236 0.024879 0.514322 -1.112004 0.000000 0.000000 0.000000 1.000000
0.523271 -0.058671 -0.850144 -0.055543 0.015750 0.998123 -0.059189 45.012791 0.852021 0.017582 0.523213 -1.474318 0.000000 0.000000 0.000000 1.000000
0.529389 -0.067732 -0.845671 -0.221668 0.025615 0.997630 -0.063868 45.027962 0.847993 0.012149 0.529869 -1.823983 0.000000 0.000000 0.000000 1.000000
0.531560 -0.079500 -0.843282 -0.361487 0.035750 0.996804 -0.071438 44.980721 0.846266 0.007826 0.532703 -2.164123 0.000000 0.000000 0.000000 1.000000
0.529607 -0.091868 -0.843253 -0.472094 0.045600 0.995764 -0.079844 44.871239 0.847016 0.003834 0.531553 -2.494429 0.000000 0.000000 0.000000 1.000000
0.524507 -0.101219 -0.845368 -0.556613 0.053583 0.994864 -0.085873 44.707565 0.849718 -0.000256 0.527237 -2.821555 0.000000 0.000000 0.000000 1.000000
0.516576 -0.107471 -0.849470 -0.611248 0.059650 0.994198 -0.089508 44.483196 0.854161 -0.004434 0.519989 -3.122317 0.000000 0.000000 0.000000 1.000000
0.504435 -0.112881 -0.856039 -0.628826 0.065119 0.993568 -0.092643 44.207497 0.860991 -0.009012 0.508541 -3.366813 0.000000 0.000000 0.000000 1.000000
0.486358 -0.117440 -0.865831 -0.610815 0.070397 0.992971 -0.095142 43.901573 0.870919 -0.014679 0.491207 -3.544401 0.000000 0.000000 0.000000 1.000000
0.463902 -0.119002 -0.877858 -0.562564 0.075174 0.992650 -0.094838 43.570984 0.882691 -0.021996 0.469438 -3.653655 0.000000 0.000000 0.000000 1.000000
0.441361 -0.116101 -0.889787 -0.487799 0.079605 0.992751 -0.090050 43.212036 0.893792 -0.031087 0.447403 -3.685180 0.000000 0.000000 0.000000 1.000000
0.419902 -0.109869 -0.900895 -0.398587 0.084145 0.993083 -0.081892 42.832718 0.903660 -0.041419 0.426242 -3.619448 0.000000 0.000000 0.000000 1.000000
0.396775 -0.104028 -0.912002 -0.307572 0.089125 0.993229 -0.074518 42.454903 0.913579 -0.051716 0.403360 -3.450225 0.000000 0.000000 0.000000 1.000000
0.369946 -0.100857 -0.923563 -0.211551 0.094237 0.993036 -0.070696 42.096237 0.924262 -0.060880 0.376874 -3.193236 0.000000 0.000000 0.000000 1.000000
0.340253 -0.096788 -0.935339 -0.103499 0.098447 0.992889 -0.066931 41.759567 0.935166 -0.069308 0.347362 -2.884224 0.000000 0.000000 0.000000 1.000000
0.309079 -0.086114 -0.947130 0.011077 0.100767 0.993251 -0.057424 41.442532 0.945683 -0.077691 0.315671 -2.550651 0.000000 0.000000 0.000000 1.000000
0.276026 -0.068309 -0.958720 0.118144 0.101363 0.993978 -0.041638 41.136040 0.955790 -0.085686 0.281288 -2.215379 0.000000 0.000000 0.000000 1.000000
0.239906 -0.048623 -0.969578 0.215581 0.101354 0.994541 -0.024797 40.843769 0.965491 -0.092321 0.243525 -1.886112 0.000000 0.000000 0.000000 1.000000
0.201225 -0.032334 -0.979011 0.315202 0.101237 0.994789 -0.012047 40.570793 0.974300 -0.096688 0.203450 -1.558033 0.000000 0.000000 0.000000 1.000000
0.161840 -0.020950 -0.986595 0.413846 0.099971 0.994979 -0.004729 40.319492 0.981740 -0.097866 0.163122 -1.223935 0.000000 0.000000 0.000000 1.000000
0.123141 -0.013700 -0.992295 0.493770 0.096577 0.995324 -0.001757 40.094376 0.987679 -0.095617 0.123888 -0.883637 0.000000 0.000000 0.000000 1.000000
0.087024 -0.010134 -0.996155 0.554215 0.091858 0.995770 -0.002105 39.902424 0.991962 -0.091321 0.087587 -0.535985 0.000000 0.000000 0.000000 1.000000
0.055000 -0.009996 -0.998436 0.610484 0.087013 0.996194 -0.005180 39.745068 0.994688 -0.086592 0.055661 -0.173709 0.000000 0.000000 0.000000 1.000000
0.025837 -0.012209 -0.999592 0.668267 0.081864 0.996593 -0.010056 39.611553 0.996309 -0.081570 0.026748 0.209522 0.000000 0.000000 0.000000 1.000000
-0.001714 -0.015666 -0.999876 0.718029 0.075762 0.997001 -0.015751 39.499763 0.997124 -0.075780 -0.000522 0.613056 0.000000 0.000000 0.000000 1.000000
-0.027017 -0.019731 -0.999440 0.751973 0.068667 0.997407 -0.021547 39.435589 0.997274 -0.069210 -0.025592 1.024117 0.000000 0.000000 0.000000 1.000000
-0.049479 -0.024006 -0.998487 0.776987 0.060401 0.997809 -0.026983 39.444042 0.996947 -0.061644 -0.047920 1.430669 0.000000 0.000000 0.000000 1.000000
-0.069011 -0.028299 -0.997214 0.800771 0.050722 0.998205 -0.031837 39.521378 0.996326 -0.052778 -0.067451 1.834768 0.000000 0.000000 0.000000 1.000000
-0.084818 -0.032991 -0.995850 0.815919 0.040811 0.998498 -0.036555 39.650433 0.995560 -0.043742 -0.083344 2.237832 0.000000 0.000000 0.000000 1.000000
-0.096770 -0.038914 -0.994546 0.812392 0.032223 0.998589 -0.042208 39.821629 0.994785 -0.036132 -0.095380 2.631770 0.000000 0.000000 0.000000 1.000000
-0.106571 -0.046487 -0.993218 0.796455 0.023835 0.998500 -0.049292 40.036057 0.994019 -0.028926 -0.105303 3.009369 0.000000 0.000000 0.000000 1.000000
-0.114825 -0.054824 -0.991872 0.781826 0.013113 0.998305 -0.056698 40.294945 0.993299 -0.019516 -0.113911 3.362913 0.000000 0.000000 0.000000 1.000000
-0.119073 -0.062516 -0.990915 0.768920 0.000613 0.998011 -0.063037 40.589630 0.992885 -0.008114 -0.118798 3.682251 0.000000 0.000000 0.000000 1.000000
-0.116398 -0.069075 -0.990798 0.748703 -0.010137 0.997609 -0.068359 40.902328 0.993151 0.002087 -0.116820 3.945289 0.000000 0.000000 0.000000 1.000000
-0.106224 -0.074469 -0.991550 0.721562 -0.016908 0.997183 -0.073081 41.213226 0.994198 0.009003 -0.107184 4.116297 0.000000 0.000000 0.000000 1.000000
-0.089166 -0.078252 -0.992938 0.693926 -0.020278 0.996845 -0.076739 41.510338 0.995810 0.013292 -0.090471 4.175034 0.000000 0.000000 0.000000 1.000000
-0.064463 -0.080142 -0.994697 0.662549 -0.020553 0.996665 -0.078968 41.785889 0.997708 0.015354 -0.065895 4.131011 0.000000 0.000000 0.000000 1.000000
-0.030910 -0.081305 -0.996210 0.610086 -0.015766 0.996602 -0.080848 42.039207 0.999398 0.013208 -0.032087 4.011687 0.000000 0.000000 0.000000 1.000000
0.009873 -0.083244 -0.996480 0.525946 -0.005147 0.996511 -0.083297 42.276245 0.999938 0.005951 0.009410 3.826072 0.000000 0.000000 0.000000 1.000000
0.052257 -0.084631 -0.995041 0.424352 0.007577 0.996407 -0.084349 42.512619 0.998605 -0.003131 0.052710 3.569800 0.000000 0.000000 0.000000 1.000000
0.090537 -0.082989 -0.992429 0.328574 0.018267 0.996493 -0.081663 42.763123 0.995726 -0.010735 0.091735 3.264573 0.000000 0.000000 0.000000 1.000000
0.123384 -0.079075 -0.989203 0.240237 0.026960 0.996719 -0.076313 43.029873 0.991993 -0.017253 0.125111 2.945135 0.000000 0.000000 0.000000 1.000000
0.153299 -0.075621 -0.985282 0.140492 0.036100 0.996831 -0.070890 43.310219 0.987520 -0.024701 0.155543 2.628715 0.000000 0.000000 0.000000 1.000000
0.183112 -0.074168 -0.980290 0.018964 0.046775 0.996678 -0.066670 43.611759 0.981979 -0.033645 0.185973 2.315440 0.000000 0.000000 0.000000 1.000000
0.213508 -0.075262 -0.974038 -0.116703 0.057524 0.996267 -0.064371 43.943802 0.975246 -0.042286 0.217041 2.000989 0.000000 0.000000 0.000000 1.000000
0.243719 -0.078824 -0.966637 -0.256800 0.066702 0.995694 -0.064375 44.298241 0.967549 -0.048787 0.247928 1.685566 0.000000 0.000000 0.000000 1.000000
0.273700 -0.084299 -0.958114 -0.400238 0.074645 0.995009 -0.066221 44.650585 0.958914 -0.053394 0.278626 1.372106 0.000000 0.000000 0.000000 1.000000
0.304065 -0.091122 -0.948283 -0.549833 0.082318 0.994205 -0.069140 44.972984 0.949088 -0.057038 0.309804 1.062538 0.000000 0.000000 0.000000 1.000000
0.334305 -0.099170 -0.937233 -0.703405 0.089549 0.993292 -0.073161 45.240211 0.938201 -0.059470 0.340943 0.758281 0.000000 0.000000 0.000000 1.000000
0.362662 -0.108861 -0.925541 -0.850484 0.095670 0.992256 -0.079221 45.434383 0.926997 -0.059816 0.370268 0.463378 0.000000 0.000000 0.000000 1.000000
0.388319 -0.120963 -0.913552 -0.991195 0.101163 0.990952 -0.088210 45.536972 0.915955 -0.058164 0.397042 0.167539 0.000000 0.000000 0.000000 1.000000
0.411996 -0.135437 -0.901064 -1.078428 0.107000 0.989241 -0.099767 45.551788 0.904881 -0.055310 0.422055 -0.134309 0.000000 0.000000 0.000000 1.000000
0.433697 -0.150972 -0.888321 -1.150218 0.113210 0.987181 -0.112502 45.495586 0.893919 -0.051775 0.445229 -0.441681 0.000000 0.000000 0.000000 1.000000
0.452010 -0.166940 -0.876252 -1.215141 0.119515 0.984808 -0.125970 45.389168 0.883970 -0.047786 0.465095 -0.751624 0.000000 0.000000 0.000000 1.000000
0.466212 -0.184674 -0.865183 -1.279101 0.126441 0.981839 -0.141440 45.241875 0.875591 -0.043453 0.481096 -1.053828 0.000000 0.000000 0.000000 1.000000
0.476802 -0.204804 -0.854819 -1.336718 0.134473 0.978026 -0.159317 45.053246 0.868664 -0.038988 0.493865 -1.334510 0.000000 0.000000 0.000000 1.000000
0.483577 -0.224121 -0.846122 -1.379300 0.142765 0.973914 -0.176378 44.828278 0.863580 -0.035504 0.502959 -1.595218 0.000000 0.000000 0.000000 1.000000
0.485545 -0.238518 -0.841044 -1.403438 0.150066 0.970520 -0.188602 44.570835 0.861235 -0.034637 0.507024 -1.844149 0.000000 0.000000 0.000000 1.000000
0.482876 -0.246732 -0.840211 -1.412381 0.156019 0.968374 -0.194703 44.296837 0.861678 -0.037072 0.506100 -2.088324 0.000000 0.000000 0.000000 1.000000
0.477282 -0.249733 -0.842517 -1.409576 0.160549 0.967412 -0.195803 44.014660 0.863959 -0.041812 0.501823 -2.319679 0.000000 0.000000 0.000000 1.000000
0.470160 -0.250002 -0.846433 -1.394487 0.163920 0.967091 -0.194588 43.722504 0.867226 -0.047260 0.495668 -2.532064 0.000000 0.000000 0.000000 1.000000
0.461096 -0.250185 -0.851351 -1.367365 0.166660 0.966773 -0.193840 43.417221 0.871559 -0.052507 0.487471 -2.728971 0.000000 0.000000 0.000000 1.000000
0.449148 -0.250647 -0.857579 -1.329898 0.168604 0.966376 -0.194140 43.094185 0.877405 -0.057393 0.476306 -2.903392 0.000000 0.000000 0.000000 1.000000
0.434480 -0.248818 -0.865631 -1.278084 0.168727 0.966555 -0.193140 42.746780 0.884737 -0.062139 0.461931 -3.028079 0.000000 0.000000 0.000000 1.000000
0.418108 -0.242539 -0.875420 -1.206519 0.166911 0.967802 -0.188416 42.377670 0.892931 -0.067339 0.445128 -3.084479 0.000000 0.000000 0.000000 1.000000
0.401636 -0.232546 -0.885783 -1.117738 0.164740 0.969791 -0.179903 41.998894 0.900860 -0.073668 0.427813 -3.082794 0.000000 0.000000 0.000000 1.000000
0.385945 -0.222198 -0.895363 -1.020406 0.164189 0.971609 -0.170346 41.635235 0.907793 -0.081264 0.411470 -3.053403 0.000000 0.000000 0.000000 1.000000
0.369025 -0.215144 -0.904176 -0.915803 0.165061 0.972545 -0.164045 41.293587 0.914645 -0.088708 0.394405 -2.982770 0.000000 0.000000 0.000000 1.000000
0.348774 -0.210247 -0.913320 -0.792909 0.165565 0.973008 -0.160762 40.958492 0.922467 -0.095144 0.374170 -2.845444 0.000000 0.000000 0.000000 1.000000
0.325163 -0.201037 -0.924042 -0.634840 0.164193 0.974302 -0.154194 40.626358 0.931295 -0.101583 0.349816 -2.625884 0.000000 0.000000 0.000000 1.000000
0.299004 -0.181537 -0.936825 -0.442933 0.160179 0.977356 -0.138267 40.306377 0.940712 -0.108717 0.321312 -2.350691 0.000000 0.000000 0.000000 1.000000
0.270401 -0.155232 -0.950151 -0.244267 0.154125 0.981167 -0.116437 40.015343 0.950331 -0.114958 0.289234 -2.049924 0.000000 0.000000 0.000000 1.000000
0.240115 -0.130734 -0.961901 -0.069379 0.147168 0.984339 -0.097046 39.764172 0.959524 -0.118258 0.255595 -1.724920 0.000000 0.000000 0.000000 1.000000
0.209710 -0.111787 -0.971352 0.073563 0.139595 0.986689 -0.083414 39.555584 0.967747 -0.118103 0.222524 -1.363491 0.000000 0.000000 0.000000 1.000000
0.182247 -0.096543 -0.978502 0.210978 0.132356 0.988519 -0.072880 39.392426 0.974304 -0.116229 0.192933 -0.959711 0.000000 0.000000 0.000000 1.000000
0.155891 -0.082348 -0.984336 0.324465 0.123500 0.990324 -0.063290 39.303772 0.980023 -0.111699 0.164553 -0.565155 0.000000 0.000000 0.000000 1.000000
0.120754 -0.068257 -0.990333 0.408444 0.106733 0.992743 -0.055408 39.321228 0.986928 -0.099011 0.127163 -0.262032 0.000000 0.000000 0.000000 1.000000
0.074932 -0.055547 -0.995640 0.461342 0.082426 0.995376 -0.049329 39.423141 0.993776 -0.078370 0.079164 -0.024914 0.000000 0.000000 0.000000 1.000000</float_array>
        <technique_common>
          <accessor source="#mixamorig1_Hips-Matrix-animation-output-transform-array" count="225" stride="16">
            <param type="float4x4"/>
          </accessor>
        </technique_common>
      </source>
      <source id="mixamorig1_Hips-Interpolations">
        <Name_array id="mixamorig1_Hips-Interpolations-array" count="225">
 LINEAR LINEAR LINEAR LINEAR LINEAR LINEAR LINEAR LINEAR LINEAR LINEAR LINEAR
LINEAR LINEAR LINEAR LINEAR LINEAR LINEAR LINEAR LINEAR LINEAR LINEAR LINEAR LINEAR
LINEAR LINEAR LINEAR LINEAR LINEAR LINEAR LINEAR LINEAR LINEAR LINEAR LINEAR LINEAR
LINEAR LINEAR LINEAR LINEAR LINEAR LINEAR LINEAR LINEAR LINEAR LINEAR LINEAR LINEAR
LINEAR LINEAR LINEAR LINEAR LINEAR LINEAR LINEAR LINEAR LINEAR LINEAR LINEAR LINEAR
LINEAR LINEAR LINEAR LINEAR LINEAR LINEAR LINEAR LINEAR LINEAR LINEAR LINEAR LINEAR
LINEAR LINEAR LINEAR LINEAR LINEAR LINEAR LINEAR LINEAR LINEAR LINEAR LINEAR LINEAR
LINEAR LINEAR LINEAR LINEAR LINEAR LINEAR LINEAR LINEAR LINEAR LINEAR LINEAR LINEAR
LINEAR LINEAR LINEAR LINEAR LINEAR LINEAR LINEAR LINEAR LINEAR LINEAR LINEAR LINEAR
LINEAR LINEAR LINEAR LINEAR LINEAR LINEAR LINEAR LINEAR LINEAR LINEAR LINEAR LINEAR
LINEAR LINEAR LINEAR LINEAR LINEAR LINEAR LINEAR LINEAR LINEAR LINEAR LINEAR LINEAR
LINEAR LINEAR LINEAR LINEAR LINEAR LINEAR LINEAR LINEAR LINEAR LINEAR LINEAR LINEAR
LINEAR LINEAR LINEAR LINEAR LINEAR LINEAR LINEAR LINEAR LINEAR LINEAR LINEAR LINEAR
LINEAR LINEAR LINEAR LINEAR LINEAR LINEAR LINEAR LINEAR LINEAR LINEAR LINEAR LINEAR
LINEAR LINEAR LINEAR LINEAR LINEAR LINEAR LINEAR LINEAR LINEAR LINEAR LINEAR LINEAR
LINEAR LINEAR LINEAR LINEAR LINEAR LINEAR LINEAR LINEAR LINEAR LINEAR LINEAR LINEAR
LINEAR LINEAR LINEAR LINEAR LINEAR LINEAR LINEAR LINEAR LINEAR LINEAR LINEAR LINEAR
LINEAR LINEAR LINEAR LINEAR LINEAR LINEAR LINEAR LINEAR LINEAR LINEAR LINEAR LINEAR
LINEAR LINEAR LINEAR LINEAR LINEAR LINEAR LINEAR LINEAR LINEAR LINEAR</Name_array>
        <technique_common>
          <accessor source="#mixamorig1_Hips-Interpolations-array" count="225">
            <param type="name"/>
          </accessor>
        </technique_common>
      </source>
      <sampler id="mixamorig1_Hips-Matrix-animation-transform">
        <input semantic="INPUT" source="#mixamorig1_Hips-Matrix-animation-input"/>
        <input semantic="OUTPUT" source="#mixamorig1_Hips-Matrix-animation-output-transform"/>
        <input semantic="INTERPOLATION" source="#mixamorig1_Hips-Interpolations"/>
      </sampler>
      <channel source="#mixamorig1_Hips-Matrix-animation-transform" target="mixamorig1_Hips/matrix"/>
    </animation>
    <animation id="mixamorig1_Spine-anim" name="mixamorig1_Spine">
      <source id="mixamorig1_Spine-Matrix-animation-input">
        <float_array id="mixamorig1_Spine-Matrix-animation-input-array" count="225">

0.000000 0.033333 0.066667 0.100000 0.133333 0.166667 0.200000 0.233333 0.266667 0.300000 0.333333 0.366667 0.400000 0.433333 0.466667 0.500000
