<?xml version="1.0" encoding="utf-8"?>
<COLLADA xmlns="http://www.collada.org/2005/11/COLLADASchema" version="1.4.1">
  <asset>
    <contributor>
      <author>Mixamo</author>
      <authoring_tool>COLLADA Mixamo exporter</authoring_tool>
      <comments/>
    </contributor>
    <created>2024-12-17T04:38:06Z</created>
    <modified>2024-12-17T04:38:06Z</modified>
    <revision/>
    <title/>
    <unit meter="0.010000"/>
    <up_axis>Y_UP</up_axis>
  </asset>
  <library_animations>
    <animation id="mixamorig1_Hips-anim" name="mixamorig1_Hips">
      <source id="mixamorig1_Hips-Matrix-animation-input">
        <float_array id="mixamorig1_Hips-Matrix-animation-input-array" count="20">

0.000000 0.033333 0.066667 0.100000 0.133333 0.166667 0.200000 0.233333 0.266667 0.300000 0.333333 0.366667 0.400000 0.433333 0.466667 0.500000
0.533333 0.566667 0.600000 0.633333</float_array>
        <technique_common>
          <accessor source="#mixamorig1_Hips-Matrix-animation-input-array" count="20">
            <param name="TIME" type="float"/>
          </accessor>
        </technique_common>
      </source>
      <source id="mixamorig1_Hips-Matrix-animation-output-transform">
        <float_array id="mixamorig1_Hips-Matrix-animation-output-transform-array" count="320">

0.994452 0.071987 0.076704 -0.048146 0.002845 0.710503 -0.703688 46.848286 -0.105155 0.700002 0.706356 0.347112 0.000000 0.000000 0.000000 1.000000
0.995592 0.052035 0.078025 0.083558 0.017445 0.714687 -0.699227 46.731339 -0.092148 0.697506 0.710629 -0.631827 0.000000 0.000000 0.000000 1.000000
0.995552 0.036322 0.086936 0.087007 0.034567 0.717560 -0.695638 46.561619 -0.087649 0.695549 0.713113 -0.893880 0.000000 0.000000 0.000000 1.000000
0.994370 0.033530 0.100523 0.024288 0.045583 0.721028 -0.691405 46.275539 -0.095662 0.692095 0.715440 -0.631229 0.000000 0.000000 0.000000 1.000000
0.992767 0.041335 0.112720 0.079326 0.047497 0.727054 -0.684936 45.348003 -0.110265 0.685335 0.719832 -0.794928 0.000000 0.000000 0.000000 1.000000
0.990116 0.069695 0.121710 0.246281 0.031167 0.736759 -0.675436 45.411327 -0.136745 0.672553 0.727305 -1.336485 0.000000 0.000000 0.000000 1.000000
0.988505 0.084214 0.125560 0.554883 0.020771 0.746976 -0.664526 46.040314 -0.149753 0.659496 0.736641 -1.845621 0.000000 0.000000 0.000000 1.000000
0.989538 0.073746 0.123997 0.928303 0.026071 0.753924 -0.656445 46.852833 -0.141894 0.652810 0.744114 -2.178148 0.000000 0.000000 0.000000 1.000000
0.991318 0.053812 0.119971 1.204052 0.038401 0.754152 -0.655576 47.236572 -0.125754 0.654491 0.745538 -2.596963 0.000000 0.000000 0.000000 1.000000
0.992028 0.044939 0.117729 1.328137 0.044892 0.746922 -0.663394 47.331539 -0.117747 0.663391 0.738951 -2.928599 0.000000 0.000000 0.000000 1.000000
0.991796 0.061122 0.112275 1.413068 0.031610 0.733754 -0.678680 47.403778 -0.123865 0.676660 0.725802 -2.763783 0.000000 0.000000 0.000000 1.000000
0.990196 0.088388 0.108165 1.596530 0.012180 0.716762 -0.697212 47.376225 -0.139154 0.691694 0.708658 -1.838237 0.000000 0.000000 0.000000 1.000000
0.987706 0.104806 0.115989 1.877780 0.009225 0.701597 -0.712514 46.986549 -0.156053 0.704824 0.692005 -0.264411 0.000000 0.000000 0.000000 1.000000
0.985471 0.096610 0.139690 2.154262 0.033354 0.696368 -0.716909 46.295849 -0.166536 0.711153 0.683028 0.857980 0.000000 0.000000 0.000000 1.000000
0.984083 0.068085 0.164147 2.280444 0.069189 0.704016 -0.706805 45.970093 -0.163685 0.706912 0.688100 0.953287 0.000000 0.000000 0.000000 1.000000
0.984496 0.044792 0.169590 2.068835 0.086167 0.718642 -0.690021 46.444733 -0.152782 0.693936 0.703641 0.316874 0.000000 0.000000 0.000000 1.000000
0.987567 0.046397 0.150196 1.470507 0.069021 0.730449 -0.679470 47.072582 -0.141236 0.681389 0.718165 0.029516 0.000000 0.000000 0.000000 1.000000
0.990501 0.064765 0.121296 0.794695 0.035472 0.731924 -0.680462 47.326576 -0.132850 0.678301 0.722674 0.078869 0.000000 0.000000 0.000000 1.000000
0.992526 0.077069 0.094618 0.283285 0.009648 0.723362 -0.690402 47.135952 -0.121652 0.686154 0.717212 0.154806 0.000000 0.000000 0.000000 1.000000
0.994452 0.071987 0.076704 -0.048147 0.002845 0.710503 -0.703688 46.848282 -0.105155 0.700002 0.706356 0.347111 0.000000 0.000000 0.000000 1.000000</float_array>
        <technique_common>
          <accessor source="#mixamorig1_Hips-Matrix-animation-output-transform-array" count="20" stride="16">
            <param type="float4x4"/>
          </accessor>
        </technique_common>
      </source>
      <source id="mixamorig1_Hips-Interpolations">
        <Name_array id="mixamorig1_Hips-Interpolations-array" count="20">
 LINEAR LINEAR LINEAR LINEAR LINEAR LINEAR LINEAR LINEAR LINEAR LINEAR LINEAR
LINEAR LINEAR LINEAR LINEAR LINEAR LINEAR LINEAR LINEAR LINEAR</Name_array>
        <technique_common>
          <accessor source="#mixamorig1_Hips-Interpolations-array" count="20">
            <param type="name"/>
          </accessor>
        </technique_common>
      </source>
      <sampler id="mixamorig1_Hips-Matrix-animation-transform">
        <input semantic="INPUT" source="#mixamorig1_Hips-Matrix-animation-input"/>
        <input semantic="OUTPUT" source="#mixamorig1_Hips-Matrix-animation-output-transform"/>
        <input semantic="INTERPOLATION" source="#mixamorig1_Hips-Interpolations"/>
      </sampler>
      <channel source="#mixamorig1_Hips-Matrix-animation-transform" target="mixamorig1_Hips/matrix"/>
    </animation>
    <animation id="mixamorig1_Spine-anim" name="mixamorig1_Spine">
      <source id="mixamorig1_Spine-Matrix-animation-input">
        <float_array id="mixamorig1_Spine-Matrix-animation-input-array" count="20">

0.000000 0.033333 0.066667 0.100000 0.133333 0.166667 0.200000 0.233333 0.266667 0.300000 0.333333 0.366667 0.400000 0.433333 0.466667 0.500000
0.533333 0.566667 0.600000 0.633333</float_array>
        <technique_common>
          <accessor source="#mixamorig1_Spine-Matrix-animation-input-array" count="20">
            <param name="TIME" type="float"/>
          </accessor>
        </technique_common>
      </source>
      <source id="mixamorig1_Spine-Matrix-animation-output-transform">
        <float_array id="mixamorig1_Spine-Matrix-animation-output-transform-array" count="320">

0.999889 -0.012138 -0.008599 0.000000 0.008766 0.947841 -0.318624 7.742100 0.012018 0.318513 0.947842 -0.257000 0.000000 0.000000 0.000000 1.000000
0.999763 0.021689 0.001994 -0.000000 -0.020053 0.952345 -0.304362 7.742100 -0.008501 0.304249 0.952554 -0.257000 0.000000 0.000000 0.000000 1.000000
0.997909 0.060858 0.021769 -0.000000 -0.052417 0.959054 -0.278331 7.742100 -0.037816 0.276608 0.960239 -0.257000 0.000000 0.000000 0.000000 1.000000
0.994701 0.091342 0.047188 0.000000 -0.076952 0.965835 -0.247468 7.742100 -0.068180 0.242526 0.967746 -0.257000 0.000000 0.000000 0.000000 1.000000
0.992705 0.104250 0.060576 0.000000 -0.087936 0.969729 -0.227801 7.742100 -0.082491 0.220812 0.971822 -0.257000 0.000000 0.000000 0.000000 1.000000
0.995888 0.078310 0.045542 -0.000000 -0.065719 0.970548 -0.231771 7.742100 -0.062350 0.227825 0.971704 -0.257000 0.000000 0.000000 0.000000 1.000000
0.998917 0.046224 0.005315 0.000000 -0.043273 0.964925 -0.258933 7.742100 -0.017098 0.258422 0.965881 -0.257000 0.000000 0.000000 0.000000 1.000000
0.999071 0.029045 -0.031832 0.000000 -0.037100 0.955546 -0.292500 7.742100 0.021921 0.293409 0.955736 -0.257000 0.000000 0.000000 0.000000 1.000000
0.998499 0.024270 -0.049107 0.000000 -0.038602 0.947818 -0.316466 7.742100 0.038864 0.317887 0.947332 -0.257000 0.000000 0.000000 0.000000 1.000000
0.998230 0.016560 -0.057125 0.000000 -0.034236 0.945373 -0.324187 7.742100 0.048636 0.325569 0.944267 -0.257000 0.000000 0.000000 0.000000 1.000000
0.997716 -0.011044 -0.066640 -0.000000 -0.010385 0.949736 -0.312881 7.742100 0.066746 0.312859 0.947452 -0.257000 0.000000 0.000000 0.000000 1.000000
0.994395 -0.053831 -0.091003 -0.000000 0.026160 0.959193 -0.281538 7.742100 0.102445 0.277579 0.955225 -0.257000 0.000000 0.000000 0.000000 1.000000
0.987200 -0.093653 -0.129095 0.000000 0.060568 0.968941 -0.239758 7.742100 0.147539 0.228871 0.962211 -0.257000 0.000000 0.000000 0.000000 1.000000
0.980899 -0.110696 -0.159947 0.000000 0.075961 0.974978 -0.208919 7.742100 0.179072 0.192778 0.964764 -0.257000 0.000000 0.000000 0.000000 1.000000
0.982717 -0.096851 -0.157760 0.000000 0.063096 0.976430 -0.206408 7.742100 0.174032 0.192886 0.965664 -0.257000 0.000000 0.000000 0.000000 1.000000
0.990018 -0.069471 -0.122631 0.000000 0.039375 0.971769 -0.232624 7.742100 0.135330 0.225473 0.964804 -0.257000 0.000000 0.000000 0.000000 1.000000
0.995712 -0.050614 -0.077428 0.000000 0.027876 0.962297 -0.270570 7.742100 0.088203 0.267252 0.959582 -0.257000 0.000000 0.000000 0.000000 1.000000
0.998051 -0.043460 -0.044777 0.000000 0.027981 0.953090 -0.301390 7.742100 0.055775 0.299549 0.952449 -0.257000 0.000000 0.000000 0.000000 1.000000
0.999142 -0.033451 -0.024435 0.000000 0.023978 0.948006 -0.317347 7.742100 0.033780 0.316488 0.947995 -0.257000 0.000000 0.000000 0.000000 1.000000
0.999889 -0.012138 -0.008599 0.000000 0.008766 0.947841 -0.318623 7.742100 0.012018 0.318512 0.947843 -0.257000 0.000000 0.000000 0.000000 1.000000</float_array>
        <technique_common>
          <accessor source="#mixamorig1_Spine-Matrix-animation-output-transform-array" count="20" stride="16">
            <param type="float4x4"/>
          </accessor>
        </technique_common>
      </source>
      <source id="mixamorig1_Spine-Interpolations">
        <Name_array id="mixamorig1_Spine-Interpolations-array" count="20">
 LINEAR LINEAR LINEAR LINEAR LINEAR LINEAR LINEAR LINEAR LINEAR LINEAR LINEAR
LINEAR LINEAR LINEAR LINEAR LINEAR LINEAR LINEAR LINEAR LINEAR</Name_array>
        <technique_common>
          <accessor source="#mixamorig1_Spine-Interpolations-array" count="20">
            <param type="name"/>
          </accessor>
        </technique_common>
      </source>
      <sampler id="mixamorig1_Spine-Matrix-animation-transform">
        <input semantic="INPUT" source="#mixamorig1_Spine-Matrix-animation-input"/>
        <input semantic="OUTPUT" source="#mixamorig1_Spine-Matrix-animation-output-transform"/>
        <input semantic="INTERPOLATION" source="#mixamorig1_Spine-Interpolations"/>
      </sampler>
      <channel source="#mixamorig1_Spine-Matrix-animation-transform" target="mixamorig1_Spine/matrix"/>
    </animation>
    <animation id="mixamorig1_Spine1-anim" name="mixamorig1_Spine1">
      <source id="mixamorig1_Spine1-Matrix-animation-input">
        <float_array id="mixamorig1_Spine1-Matrix-animation-input-array" count="20">

0.000000 0.033333 0.066667 0.100000 0.133333 0.166667 0.200000 0.233333 0.266667 0.300000 0.333333 0.366667 0.400000 0.433333 0.466667 0.500000
0.533333 0.566667 0.600000 0.633333</float_array>
        <technique_common>
          <accessor source="#mixamorig1_Spine1-Matrix-animation-input-array" count="20">
            <param name="TIME" type="float"/>
          </accessor>
        </technique_common>
      </source>
      <source id="mixamorig1_Spine1-Matrix-animation-output-transform">
        <float_array id="mixamorig1_Spine1-Matrix-animation-output-transform-array" count="320">

0.999920 0.005549 -0.011355 -0.000000 -0.006986 0.991386 -0.130787 9.037500 0.010531 0.130856 0.991345 0.000000 0.000000 0.000000 0.000000 1.000000
0.999695 0.024709 0.000287 -0.000000 -0.024505 0.992801 -0.117245 9.037500 -0.003182 0.117202 0.993103 0.000000 0.000000 0.000000 0.000000 1.000000
0.999111 0.041145 0.009133 0.000000 -0.040102 0.994732 -0.094338 9.037500 -0.012967 0.093887 0.995498 0.000000 0.000000 0.000000 0.000000 1.000000
0.998781 0.047696 0.012718 0.000000 -0.046769 0.996773 -0.065246 9.037500 -0.015789 0.064572 0.997788 0.000000 0.000000 0.000000 0.000000 1.000000
0.999112 0.040776 0.010563 0.000000 -0.040267 0.998195 -0.044562 9.037500 -0.012361 0.044097 0.998951 0.000000 0.000000 0.000000 0.000000 1.000000
0.999661 0.025616 0.004577 0.000000 -0.025365 0.998507 -0.048385 9.037500 -0.005810 0.048253 0.998818 0.000000 0.000000 0.000000 0.000000 1.000000
0.999903 0.013587 -0.002939 0.000000 -0.013770 0.997049 -0.075523 9.037500 0.001904 0.075556 0.997140 -0.000000 0.000000 0.000000 0.000000 1.000000
0.999879 0.011308 -0.010658 0.000000 -0.012392 0.994088 -0.107864 9.037500 0.009375 0.107983 0.994109 0.000000 0.000000 0.000000 0.000000 1.000000
0.999747 0.013581 -0.017942 0.000000 -0.015773 0.991614 -0.128270 9.037500 0.016049 0.128521 0.991577 0.000000 0.000000 0.000000 0.000000 1.000000
0.999649 0.009414 -0.024777 0.000000 -0.012589 0.991265 -0.131282 9.037500 0.023325 0.131548 0.991035 0.000000 0.000000 0.000000 0.000000 1.000000
0.999461 -0.006116 -0.032257 -0.000000 0.002258 0.992974 -0.118313 9.037500 0.032754 0.118176 0.992452 0.000000 0.000000 0.000000 0.000000 1.000000
0.998774 -0.026945 -0.041517 -0.000000 0.023095 0.995622 -0.090577 9.037500 0.043775 0.089507 0.995024 -0.000000 0.000000 0.000000 0.000000 1.000000
0.997802 -0.041640 -0.051543 -0.000000 0.038874 0.997807 -0.053566 9.037500 0.053660 0.051445 0.997233 -0.000000 0.000000 0.000000 0.000000 1.000000
0.997323 -0.043140 -0.059042 -0.000000 0.041720 0.998815 -0.025076 9.037500 0.060054 0.022546 0.997940 -0.000000 0.000000 0.000000 0.000000 1.000000
0.997547 -0.034284 -0.061034 0.000000 0.032843 0.999161 -0.024452 9.037500 0.061821 0.022388 0.997836 -0.000000 0.000000 0.000000 0.000000 1.000000
0.998075 -0.024522 -0.056972 -0.000000 0.021559 0.998412 -0.052051 9.037500 0.058158 0.050722 0.997018 0.000000 0.000000 0.000000 0.000000 1.000000
0.998637 -0.019987 -0.048216 0.000000 0.015584 0.995818 -0.090023 9.037500 0.049814 0.089149 0.994772 0.000000 0.000000 0.000000 0.000000 1.000000
0.999174 -0.017630 -0.036606 0.000000 0.013126 0.992708 -0.119826 9.037500 0.038452 0.119246 0.992120 -0.000000 0.000000 0.000000 0.000000 1.000000
0.999661 -0.010406 -0.023869 0.000000 0.007135 0.991053 -0.133276 9.037500 0.025042 0.133061 0.990791 -0.000000 0.000000 0.000000 0.000000 1.000000
0.999920 0.005549 -0.011355 -0.000000 -0.006986 0.991386 -0.130788 9.037500 0.010531 0.130857 0.991345 0.000000 0.000000 0.000000 0.000000 1.000000</float_array>
        <technique_common>
          <accessor source="#mixamorig1_Spine1-Matrix-animation-output-transform-array" count="20" stride="16">
            <param type="float4x4"/>
          </accessor>
        </technique_common>
      </source>
      <source id="mixamorig1_Spine1-Interpolations">
        <Name_array id="mixamorig1_Spine1-Interpolations-array" count="20">
 LINEAR LINEAR LINEAR LINEAR LINEAR LINEAR LINEAR LINEAR LINEAR LINEAR LINEAR
LINEAR LINEAR LINEAR LINEAR LINEAR LINEAR LINEAR LINEAR LINEAR</Name_array>
        <technique_common>
          <accessor source="#mixamorig1_Spine1-Interpolations-array" count="20">
            <param type="name"/>
          </accessor>
        </technique_common>
      </source>
      <sampler id="mixamorig1_Spine1-Matrix-animation-transform">
        <input semantic="INPUT" source="#mixamorig1_Spine1-Matrix-animation-input"/>
        <input semantic="OUTPUT" source="#mixamorig1_Spine1-Matrix-animation-output-transform"/>
        <input semantic="INTERPOLATION" source="#mixamorig1_Spine1-Interpolations"/>
      </sampler>
      <channel source="#mixamorig1_Spine1-Matrix-animation-transform" target="mixamorig1_Spine1/matrix"/>
    </animation>
    <animation id="mixamorig1_Spine2-anim" name="mixamorig1_Spine2">
      <source id="mixamorig1_Spine2-Matrix-animation-input">
        <float_array id="mixamorig1_Spine2-Matrix-animation-input-array" count="20">

0.000000 0.033333 0.066667 0.100000 0.133333 0.166667 0.200000 0.233333 0.266667 0.300000 0.333333 0.366667 0.400000 0.433333 0.466667 0.500000
0.533333 0.566667 0.600000 0.633333</float_array>
        <technique_common>
          <accessor source="#mixamorig1_Spine2-Matrix-animation-input-array" count="20">
            <param name="TIME" type="float"/>
          </accessor>
        </technique_common>
      </source>
      <source id="mixamorig1_Spine2-Matrix-animation-output-transform">
        <float_array id="mixamorig1_Spine2-Matrix-animation-output-transform-array" count="320">

0.999835 -0.000235 -0.018159 0.000000 -0.004610 0.963875 -0.266316 10.328500 0.017565 0.266356 0.963715 0.000000 0.000000 0.000000 0.000000 1.000000
0.999772 0.020176 -0.006981 0.000000 -0.021286 0.967138 -0.253361 10.328500 0.001640 0.253452 0.967347 -0.000000 0.000000 0.000000 0.000000 1.000000
0.999287 0.037757 0.000519 -0.000000 -0.036615 0.972239 -0.231107 10.328500 -0.009230 0.230923 0.972928 0.000000 0.000000 0.000000 0.000000 1.000000
0.998982 0.045011 0.002907 -0.000000 -0.043490 0.978294 -0.202606 10.328500 -0.011963 0.202273 0.979256 0.000000 0.000000 0.000000 0.000000 1.000000
0.999274 0.038079 0.001008 0.000000 -0.037257 0.982545 -0.182257 10.328500 -0.007930 0.182087 0.983250 -0.000000 0.000000 0.000000 0.000000 1.000000
0.999748 0.022234 -0.003143 -0.000000 -0.022431 0.982295 -0.185991 10.328500 -0.001048 0.186014 0.982547 -0.000000 0.000000 0.000000 0.000000 1.000000
0.999919 0.009191 -0.008843 0.000000 -0.010861 0.977089 -0.212553 10.328500 0.006687 0.212632 0.977109 0.000000 0.000000 0.000000 0.000000 1.000000
0.999849 0.005895 -0.016330 -0.000000 -0.009704 0.969713 -0.244056 10.328500 0.014397 0.244177 0.969624 0.000000 0.000000 0.000000 0.000000 1.000000
0.999665 0.007243 -0.024859 0.000000 -0.013547 0.964500 -0.263736 10.328500 0.022066 0.263985 0.964274 0.000000 0.000000 0.000000 0.000000 1.000000
0.999461 0.002195 -0.032758 -0.000000 -0.010847 0.963804 -0.266393 10.328500 0.030987 0.266604 0.963308 -0.000000 0.000000 0.000000 0.000000 1.000000
0.999134 -0.014265 -0.039077 0.000000 0.003893 0.967304 -0.253590 10.328500 0.041417 0.253218 0.966522 0.000000 0.000000 0.000000 0.000000 1.000000
0.998358 -0.036296 -0.044319 -0.000000 0.025344 0.973678 -0.226514 10.328500 0.051374 0.225019 0.972999 0.000000 0.000000 0.000000 0.000000 1.000000
0.997391 -0.052586 -0.049465 0.000000 0.042272 0.980810 -0.190328 10.328500 0.058525 0.187741 0.980474 0.000000 0.000000 0.000000 0.000000 1.000000
0.996964 -0.055528 -0.054579 -0.000000 0.046009 0.985654 -0.162388 10.328500 0.062813 0.159384 0.985216 0.000000 0.000000 0.000000 0.000000 1.000000
0.997195 -0.047029 -0.058226 -0.000000 0.037064 0.986139 -0.161730 10.328500 0.065025 0.159118 0.985116 -0.000000 0.000000 0.000000 0.000000 1.000000
0.997648 -0.036266 -0.058162 0.000000 0.024689 0.981733 -0.188654 10.328500 0.063942 0.186775 0.980320 0.000000 0.000000 0.000000 0.000000 1.000000
0.998145 -0.030018 -0.052964 0.000000 0.017316 0.974038 -0.225722 10.328500 0.058365 0.224386 0.972751 0.000000 0.000000 0.000000 0.000000 1.000000
0.998730 -0.025994 -0.043150 0.000000 0.014148 0.966845 -0.254971 10.328500 0.048347 0.254037 0.965985 0.000000 0.000000 0.000000 0.000000 1.000000
0.999374 -0.017398 -0.030789 0.000000 0.008500 0.963265 -0.268418 10.328500 0.034328 0.267988 0.962810 0.000000 0.000000 0.000000 0.000000 1.000000
0.999835 -0.000235 -0.018159 0.000000 -0.004610 0.963875 -0.266316 10.328500 0.017565 0.266356 0.963715 0.000000 0.000000 0.000000 0.000000 1.000000</float_array>
        <technique_common>
          <accessor source="#mixamorig1_Spine2-Matrix-animation-output-transform-array" count="20" stride="16">
            <param type="float4x4"/>
          </accessor>
        </technique_common>
      </source>
      <source id="mixamorig1_Spine2-Interpolations">
        <Name_array id="mixamorig1_Spine2-Interpolations-array" count="20">
 LINEAR LINEAR LINEAR LINEAR LINEAR LINEAR LINEAR LINEAR LINEAR LINEAR LINEAR
LINEAR LINEAR LINEAR LINEAR LINEAR LINEAR LINEAR LINEAR LINEAR</Name_array>
        <technique_common>
          <accessor source="#mixamorig1_Spine2-Interpolations-array" count="20">
            <param type="name"/>
          </accessor>
        </technique_common>
      </source>
      <sampler id="mixamorig1_Spine2-Matrix-animation-transform">
        <input semantic="INPUT" source="#mixamorig1_Spine2-Matrix-animation-input"/>
        <input semantic="OUTPUT" source="#mixamorig1_Spine2-Matrix-animation-output-transform"/>
        <input semantic="INTERPOLATION" source="#mixamorig1_Spine2-Interpolations"/>
      </sampler>
      <channel source="#mixamorig1_Spine2-Matrix-animation-transform" target="mixamorig1_Spine2/matrix"/>
    </animation>
    <animation id="mixamorig1_Neck-anim" name="mixamorig1_Neck">
      <source id="mixamorig1_Neck-Matrix-animation-input">
        <float_array id="mixamorig1_Neck-Matrix-animation-input-array" count="20">

0.000000 0.033333 0.066667 0.100000 0.133333 0.166667 0.200000 0.233333 0.266667 0.300000 0.333333 0.366667 0.400000 0.433333 0.466667 0.500000
0.533333 0.566667 0.600000 0.633333</float_array>
        <technique_common>
          <accessor source="#mixamorig1_Neck-Matrix-animation-input-array" count="20">
            <param name="TIME" type="float"/>
          </accessor>
        </technique_common>
      </source>
      <source id="mixamorig1_Neck-Matrix-animation-output-transform">
        <float_array id="mixamorig1_Neck-Matrix-animation-output-transform-array" count="320">

0.999397 -0.033999 -0.007064 -0.000000 0.034630 0.990848 0.130464 11.619600 0.002564 -0.130630 0.991428 0.000000 0.000000 0.000000 0.000000 1.000000
0.998967 -0.042052 -0.017200 0.000000 0.043793 0.992041 0.118057 11.619600 0.012098 -0.118689 0.992858 0.000000 0.000000 0.000000 0.000000 1.000000
0.998198 -0.053401 -0.027385 -0.000000 0.055709 0.994210 0.091884 11.619600 0.022320 -0.093244 0.995393 0.000000 0.000000 0.000000 0.000000 1.000000
0.997290 -0.064417 -0.035531 0.000000 0.066401 0.996115 0.057837 11.619600 0.031668 -0.060039 0.997694 0.000000 0.000000 0.000000 0.000000 1.000000
0.996778 -0.070066 -0.039035 -0.000000 0.071313 0.996956 0.031527 11.619600 0.036707 -0.034209 0.998740 0.000000 0.000000 0.000000 0.000000 1.000000
0.997012 -0.068125 -0.036426 -0.000000 0.069149 0.997224 0.027631 11.619600 0.034442 -0.030067 0.998954 0.000000 0.000000 0.000000 0.000000 1.000000
0.997643 -0.061928 -0.029568 0.000000 0.063255 0.996923 0.046288 11.619600 0.026610 -0.048050 0.998490 0.000000 0.000000 0.000000 0.000000 1.000000
0.998144 -0.056739 -0.022136 0.000000 0.058261 0.995434 0.075611 11.619600 0.017744 -0.076760 0.996892 0.000000 0.000000 0.000000 0.000000 1.000000
0.998413 -0.054027 -0.015870 0.000000 0.055372 0.993203 0.102382 11.619600 0.010230 -0.103099 0.994619 0.000000 0.000000 0.000000 0.000000 1.000000
0.998671 -0.050619 -0.009678 0.000000 0.051404 0.991819 0.116848 11.619600 0.003684 -0.117190 0.993103 0.000000 0.000000 0.000000 0.000000 1.000000
0.999081 -0.042814 -0.001988 0.000000 0.042763 0.992640 0.113301 11.619600 -0.002878 -0.113282 0.993559 0.000000 0.000000 0.000000 0.000000 1.000000
0.999511 -0.030477 0.006926 0.000000 0.029711 0.995314 0.092022 11.619600 -0.009698 -0.091771 0.995733 -0.000000 0.000000 0.000000 0.000000 1.000000
0.999733 -0.017650 0.014890 -0.000000 0.016688 0.997907 0.062477 11.619600 -0.015961 -0.062212 0.997935 -0.000000 0.000000 0.000000 0.000000 1.000000
0.999766 -0.009844 0.019242 0.000000 0.009036 0.999093 0.041601 11.619600 -0.019634 -0.041417 0.998949 0.000000 0.000000 0.000000 0.000000 1.000000
0.999776 -0.009900 0.018705 0.000000 0.009116 0.999096 0.041530 11.619600 -0.019099 -0.041350 0.998962 -0.000000 0.000000 0.000000 0.000000 1.000000
0.999770 -0.015683 0.014614 -0.000000 0.014784 0.998104 0.059750 11.619600 -0.015523 -0.059520 0.998106 -0.000000 0.000000 0.000000 0.000000 1.000000
0.999702 -0.022498 0.009500 0.000000 0.021606 0.996110 0.085423 11.619600 -0.011385 -0.085192 0.996299 0.000000 0.000000 0.000000 0.000000 1.000000
0.999612 -0.027477 0.004665 -0.000000 0.026804 0.993669 0.109107 11.619600 -0.007633 -0.108939 0.994019 0.000000 0.000000 0.000000 0.000000 1.000000
0.999525 -0.030823 -0.000428 0.000000 0.030634 0.991677 0.125053 11.619600 -0.003430 -0.125007 0.992150 0.000000 0.000000 0.000000 0.000000 1.000000
0.999397 -0.033999 -0.007064 -0.000000 0.034630 0.990848 0.130464 11.619600 0.002564 -0.130630 0.991428 0.000000 0.000000 0.000000 0.000000 1.000000</float_array>
        <technique_common>
          <accessor source="#mixamorig1_Neck-Matrix-animation-output-transform-array" count="20" stride="16">
            <param type="float4x4"/>
          </accessor>
        </technique_common>
      </source>
      <source id="mixamorig1_Neck-Interpolations">
        <Name_array id="mixamorig1_Neck-Interpolations-array" count="20">
 LINEAR LINEAR LINEAR LINEAR LINEAR LINEAR LINEAR LINEAR LINEAR LINEAR LINEAR
LINEAR LINEAR LINEAR LINEAR LINEAR LINEAR LINEAR LINEAR LINEAR</Name_array>
        <technique_common>
          <accessor source="#mixamorig1_Neck-Interpolations-array" count="20">
            <param type="name"/>
          </accessor>
        </technique_common>
      </source>
      <sampler id="mixamorig1_Neck-Matrix-animation-transform">
        <input semantic="INPUT" source="#mixamorig1_Neck-Matrix-animation-input"/>
        <input semantic="OUTPUT" source="#mixamorig1_Neck-Matrix-animation-output-transform"/>
        <input semantic="INTERPOLATION" source="#mixamorig1_Neck-Interpolations"/>
      </sampler>
      <channel source="#mixamorig1_Neck-Matrix-animation-transform" target="mixamorig1_Neck/matrix"/>
    </animation>
    <animation id="mixamorig1_Head-anim" name="mixamorig1_Head">
      <source id="mixamorig1_Head-Matrix-animation-input">
        <float_array id="mixamorig1_Head-Matrix-animation-input-array" count="20">

0.000000 0.033333 0.066667 0.100000 0.133333 0.166667 0.200000 0.233333 0.266667 0.300000 0.333333 0.366667 0.400000 0.433333 0.466667 0.500000
0.533333 0.566667 0.600000 0.633333</float_array>
        <technique_common>
          <accessor source="#mixamorig1_Head-Matrix-animation-input-array" count="20">
            <param name="TIME" type="float"/>
          </accessor>
        </technique_common>
      </source>
      <source id="mixamorig1_Head-Matrix-animation-output-transform">
        <float_array id="mixamorig1_Head-Matrix-animation-output-transform-array" count="320">

0.999397 -0.033999 -0.007064 -0.000000 0.034696 0.985969 0.163282 17.535000 0.001413 -0.163429 0.986554 1.103100 0.000000 0.000000 0.000000 1.000000
0.998967 -0.042052 -0.017200 -0.000000 0.044170 0.987557 0.150929 17.535000 0.010639 -0.151533 0.988395 1.103100 0.000000 0.000000 0.000000 1.000000
0.998198 -0.053402 -0.027385 0.000000 0.056419 0.990570 0.124855 17.535000 0.020460 -0.126175 0.991797 1.103100 0.000000 0.000000 0.000000 1.000000
0.997290 -0.064417 -0.035531 0.000000 0.067415 0.993575 0.090902 17.535000 0.029447 -0.093051 0.995226 1.103100 0.000000 0.000000 0.000000 1.000000
0.996778 -0.070066 -0.039035 0.000000 0.072491 0.995272 0.064641 17.535000 0.034321 -0.067262 0.997145 1.103100 0.000000 0.000000 0.000000 1.000000
0.997012 -0.068125 -0.036426 -0.000000 0.070253 0.995677 0.060755 17.535000 0.032129 -0.063132 0.997488 1.103100 0.000000 0.000000 0.000000 1.000000
0.997643 -0.061928 -0.029568 0.000000 0.064103 0.994781 0.079386 17.535000 0.024497 -0.081095 0.996405 1.103100 0.000000 0.000000 0.000000 1.000000
0.998144 -0.056739 -0.022136 0.000000 0.058818 0.992340 0.108640 17.535000 0.015802 -0.109741 0.993835 1.103100 0.000000 0.000000 0.000000 1.000000
0.998413 -0.054027 -0.015870 -0.000000 0.055681 0.989236 0.135322 17.535000 0.008388 -0.135990 0.990675 1.103100 0.000000 0.000000 0.000000 1.000000
0.998671 -0.050619 -0.009678 -0.000000 0.051498 0.987385 0.149729 17.535000 0.001977 -0.150028 0.988680 1.103100 0.000000 0.000000 0.000000 1.000000
0.999081 -0.042814 -0.001988 0.000000 0.042644 0.988336 0.146199 17.535000 -0.004295 -0.146150 0.989253 1.103100 0.000000 0.000000 0.000000 1.000000
0.999511 -0.030477 0.006926 0.000000 0.029373 0.991721 0.125003 17.535000 -0.010679 -0.124739 0.992132 1.103100 0.000000 0.000000 0.000000 1.000000
0.999733 -0.017650 0.014890 0.000000 0.016149 0.995294 0.095549 17.535000 -0.016506 -0.095283 0.995313 1.103100 0.000000 0.000000 0.000000 1.000000
0.999766 -0.009843 0.019242 -0.000000 0.008380 0.997170 0.074717 17.535000 -0.019923 -0.074539 0.997019 1.103100 0.000000 0.000000 0.000000 1.000000
0.999776 -0.009900 0.018705 -0.000000 0.008478 0.997174 0.074647 17.535000 -0.019391 -0.074472 0.997035 1.103100 0.000000 0.000000 0.000000 1.000000
0.999770 -0.015683 0.014614 0.000000 0.014261 0.995580 0.092829 17.535000 -0.016005 -0.092599 0.995575 1.103100 0.000000 0.000000 0.000000 1.000000
0.999702 -0.022498 0.009500 0.000000 0.021216 0.992736 0.118428 17.535000 -0.012096 -0.118191 0.992917 1.103100 0.000000 0.000000 0.000000 1.000000
0.999612 -0.027477 0.004665 -0.000000 0.026536 0.989508 0.142022 17.535000 -0.008518 -0.141843 0.989852 1.103100 0.000000 0.000000 0.000000 1.000000
0.999525 -0.030823 -0.000428 -0.000000 0.030503 0.986984 0.157898 17.535000 -0.004445 -0.157836 0.987455 1.103100 0.000000 0.000000 0.000000 1.000000
0.999397 -0.033999 -0.007064 -0.000000 0.034696 0.985969 0.163281 17.535000 0.001413 -0.163428 0.986554 1.103100 0.000000 0.000000 0.000000 1.000000</float_array>
        <technique_common>
          <accessor source="#mixamorig1_Head-Matrix-animation-output-transform-array" count="20" stride="16">
            <param type="float4x4"/>
          </accessor>
        </technique_common>
      </source>
      <source id="mixamorig1_Head-Interpolations">
        <Name_array id="mixamorig1_Head-Interpolations-array" count="20">
 LINEAR LINEAR LINEAR LINEAR LINEAR LINEAR LINEAR LINEAR LINEAR LINEAR LINEAR
LINEAR LINEAR LINEAR LINEAR LINEAR LINEAR LINEAR LINEAR LINEAR</Name_array>
        <technique_common>
          <accessor source="#mixamorig1_Head-Interpolations-array" count="20">
            <param type="name"/>
          </accessor>
        </technique_common>
      </source>
      <sampler id="mixamorig1_Head-Matrix-animation-transform">
        <input semantic="INPUT" source="#mixamorig1_Head-Matrix-animation-input"/>
        <input semantic="OUTPUT" source="#mixamorig1_Head-Matrix-animation-output-transform"/>
        <input semantic="INTERPOLATION" source="#mixamorig1_Head-Interpolations"/>
      </sampler>
      <channel source="#mixamorig1_Head-Matrix-animation-transform" target="mixamorig1_Head/matrix"/>
    </animation>
    <animation id="mixamorig1_LeftShoulder-anim" name="mixamorig1_LeftShoulder">
      <source id="mixamorig1_LeftShoulder-Matrix-animation-input">
        <float_array id="mixamorig1_LeftShoulder-Matrix-animation-input-array" count="20">

0.000000 0.033333 0.066667 0.100000 0.133333 0.166667 0.200000 0.233333 0.266667 0.300000 0.333333 0.366667 0.400000 0.433333 0.466667 0.500000
0.533333 0.566667 0.600000 0.633333</float_array>
        <technique_common>
          <accessor source="#mixamorig1_LeftShoulder-Matrix-animation-input-array" count="20">
            <param name="TIME" type="float"/>
          </accessor>
        </technique_common>
      </source>
      <source id="mixamorig1_LeftShoulder-Matrix-animation-output-transform">
        <float_array id="mixamorig1_LeftShoulder-Matrix-animation-output-transform-array" count="320">

-0.201766 0.962108 -0.183411 4.853500 0.037201 -0.179599 -0.983036 9.760800 -0.978727 -0.205166 0.000445 -0.048100 0.000000 0.000000 0.000000 1.000000
-0.200384 0.963901 -0.175332 4.853500 0.035249 -0.171753 -0.984509 9.760800 -0.979083 -0.203460 0.000440 -0.048100 0.000000 0.000000 0.000000 1.000000
-0.194335 0.965999 -0.170530 4.853500 0.034106 -0.167085 -0.985352 9.760800 -0.980342 -0.197305 -0.000476 -0.048100 0.000000 0.000000 0.000000 1.000000
-0.185323 0.967281 -0.173272 4.853500 0.034785 -0.169758 -0.984872 9.760800 -0.982062 -0.188546 -0.002187 -0.048100 0.000000 0.000000 0.000000 1.000000
-0.177476 0.967181 -0.181832 4.853500 0.036739 -0.178125 -0.983322 9.760800 -0.983439 -0.181196 -0.003921 -0.048100 0.000000 0.000000 0.000000 1.000000
-0.175435 0.966376 -0.187990 4.853500 0.038116 -0.184141 -0.982161 9.760800 -0.983753 -0.179471 -0.004530 -0.048100 0.000000 0.000000 0.000000 1.000000
-0.180188 0.965925 -0.185799 4.853500 0.037665 -0.181976 -0.982581 9.760800 -0.982911 -0.184048 -0.003592 -0.048100 0.000000 0.000000 0.000000 1.000000
-0.187457 0.965863 -0.178800 4.853500 0.036068 -0.175136 -0.983883 9.760800 -0.981610 -0.190885 -0.002007 -0.048100 0.000000 0.000000 0.000000 1.000000
-0.191396 0.965721 -0.175360 4.853500 0.035247 -0.171785 -0.984504 9.760800 -0.980880 -0.194611 -0.001159 -0.048100 0.000000 0.000000 0.000000 1.000000
-0.190501 0.965344 -0.178384 4.853500 0.035976 -0.174725 -0.983960 9.760800 -0.981027 -0.193863 -0.001444 -0.048100 0.000000 0.000000 0.000000 1.000000
-0.189428 0.964468 -0.184171 4.853500 0.037350 -0.180353 -0.982892 9.760800 -0.981184 -0.193066 -0.001859 -0.048100 0.000000 0.000000 0.000000 1.000000
-0.193898 0.962408 -0.190195 4.853500 0.038778 -0.186203 -0.981746 9.760800 -0.980255 -0.197734 -0.001216 -0.048100 0.000000 0.000000 0.000000 1.000000
-0.203281 0.958943 -0.197749 4.853500 0.040659 -0.193525 -0.980253 9.760800 -0.978276 -0.207306 0.000351 -0.048100 0.000000 0.000000 0.000000 1.000000
-0.209776 0.955771 -0.206147 4.853500 0.042836 -0.201652 -0.978520 9.760800 -0.976811 -0.214101 0.001361 -0.048100 0.000000 0.000000 0.000000 1.000000
-0.206799 0.955559 -0.210097 4.853500 0.043772 -0.205488 -0.977680 9.760800 -0.977404 -0.211380 0.000668 -0.048100 0.000000 0.000000 0.000000 1.000000
-0.197273 0.958483 -0.205895 4.853500 0.042575 -0.201448 -0.978573 9.760800 -0.979424 -0.201812 -0.001067 -0.048100 0.000000 0.000000 0.000000 1.000000
-0.190865 0.961683 -0.196818 4.853500 0.040361 -0.192646 -0.980438 9.760800 -0.980786 -0.195075 -0.002045 -0.048100 0.000000 0.000000 0.000000 1.000000
-0.192823 0.962819 -0.189206 4.853500 0.038587 -0.185235 -0.981936 9.760800 -0.980475 -0.196641 -0.001435 -0.048100 0.000000 0.000000 0.000000 1.000000
-0.198975 0.962306 -0.185408 4.853500 0.037681 -0.181539 -0.982662 9.760800 -0.979280 -0.202512 -0.000139 -0.048100 0.000000 0.000000 0.000000 1.000000
-0.201765 0.962108 -0.183411 4.853500 0.037201 -0.179599 -0.983036 9.760800 -0.978727 -0.205166 0.000445 -0.048100 0.000000 0.000000 0.000000 1.000000</float_array>
        <technique_common>
          <accessor source="#mixamorig1_LeftShoulder-Matrix-animation-output-transform-array" count="20" stride="16">
            <param type="float4x4"/>
          </accessor>
        </technique_common>
      </source>
      <source id="mixamorig1_LeftShoulder-Interpolations">
        <Name_array id="mixamorig1_LeftShoulder-Interpolations-array" count="20">
 LINEAR LINEAR LINEAR LINEAR LINEAR LINEAR LINEAR LINEAR LINEAR LINEAR LINEAR
LINEAR LINEAR LINEAR LINEAR LINEAR LINEAR LINEAR LINEAR LINEAR</Name_array>
        <technique_common>
          <accessor source="#mixamorig1_LeftShoulder-Interpolations-array" count="20">
            <param type="name"/>
          </accessor>
        </technique_common>
      </source>
      <sampler id="mixamorig1_LeftShoulder-Matrix-animation-transform">
        <input semantic="INPUT" source="#mixamorig1_LeftShoulder-Matrix-animation-input"/>
        <input semantic="OUTPUT" source="#mixamorig1_LeftShoulder-Matrix-animation-output-transform"/>
        <input semantic="INTERPOLATION" source="#mixamorig1_LeftShoulder-Interpolations"/>
      </sampler>
      <channel source="#mixamorig1_LeftShoulder-Matrix-animation-transform" target="mixamorig1_LeftShoulder/matrix"/>
    </animation>
    <animation id="mixamorig1_LeftArm-anim" name="mixamorig1_LeftArm">
      <source id="mixamorig1_LeftArm-Matrix-animation-input">
        <float_array id="mixamorig1_LeftArm-Matrix-animation-input-array" count="20">

0.000000 0.033333 0.066667 0.100000 0.133333 0.166667 0.200000 0.233333 0.266667 0.300000 0.333333 0.366667 0.400000 0.433333 0.466667 0.500000
0.533333 0.566667 0.600000 0.633333</float_array>
        <technique_common>
          <accessor source="#mixamorig1_LeftArm-Matrix-animation-input-array" count="20">
            <param name="TIME" type="float"/>
          </accessor>
        </technique_common>
      </source>
      <source id="mixamorig1_LeftArm-Matrix-animation-output-transform">
        <float_array id="mixamorig1_LeftArm-Matrix-animation-output-transform-array" count="320">

0.763241 -0.085549 0.640425 0.000000 0.485956 0.729230 -0.481738 10.439200 -0.425805 0.678900 0.598151 0.000000 0.000000 0.000000 0.000000 1.000000
0.764756 -0.034504 0.643396 -0.000000 0.454184 0.737154 -0.500321 10.439200 -0.457019 0.674844 0.579414 0.000000 0.000000 0.000000 0.000000 1.000000
0.759472 0.024562 0.650076 0.000000 0.409169 0.758841 -0.506696 10.439200 -0.505750 0.650813 0.566268 -0.000000 0.000000 0.000000 0.000000 1.000000
0.748682 0.087906 0.657075 0.000000 0.358093 0.780499 -0.512435 10.439200 -0.557893 0.618945 0.552868 0.000000 0.000000 0.000000 0.000000 1.000000
0.743836 0.128963 0.655802 0.000000 0.326397 0.786155 -0.524810 10.439200 -0.583243 0.604425 0.542677 -0.000000 0.000000 0.000000 0.000000 1.000000
0.754698 0.119314 0.645132 0.000000 0.336611 0.773615 -0.536856 10.439200 -0.563138 0.622322 0.543683 0.000000 0.000000 0.000000 0.000000 1.000000
0.767067 0.067354 0.638022 -0.000000 0.381219 0.752022 -0.537712 10.439200 -0.516023 0.655688 0.551175 0.000000 0.000000 0.000000 0.000000 1.000000
0.762639 0.001330 0.646823 0.000000 0.435250 0.738675 -0.514702 10.439200 -0.478477 0.674061 0.562763 0.000000 0.000000 0.000000 0.000000 1.000000
0.745473 -0.063673 0.663488 0.000000 0.480642 0.741010 -0.468921 10.439200 -0.461794 0.668468 0.583007 0.000000 0.000000 0.000000 0.000000 1.000000
0.733870 -0.110137 0.670302 -0.000000 0.508735 0.743002 -0.434898 10.439200 -0.450137 0.660165 0.601297 0.000000 0.000000 0.000000 0.000000 1.000000
0.738599 -0.109958 0.665118 0.000000 0.514020 0.730207 -0.450090 10.439200 -0.436183 0.674320 0.595850 0.000000 0.000000 0.000000 0.000000 1.000000
0.753566 -0.055578 0.655019 0.000000 0.495092 0.703490 -0.509887 10.439200 -0.432461 0.708528 0.557642 0.000000 0.000000 0.000000 0.000000 1.000000
0.765561 0.021083 0.643018 -0.000000 0.464726 0.673048 -0.575357 10.439200 -0.444912 0.739298 0.505462 0.000000 0.000000 0.000000 0.000000 1.000000
0.768230 0.079830 0.635177 0.000000 0.437560 0.658772 -0.612013 10.439200 -0.467294 0.748095 0.471158 0.000000 0.000000 0.000000 0.000000 1.000000
0.764229 0.100519 0.637063 0.000000 0.419982 0.672077 -0.609859 10.439200 -0.489458 0.733627 0.471405 0.000000 0.000000 0.000000 0.000000 1.000000
0.760572 0.079653 0.644350 0.000000 0.418498 0.698613 -0.580344 10.439200 -0.496377 0.711052 0.498011 0.000000 0.000000 0.000000 0.000000 1.000000
0.759690 0.033847 0.649404 0.000000 0.433873 0.717483 -0.544952 10.439200 -0.484381 0.695753 0.530379 -0.000000 0.000000 0.000000 0.000000 1.000000
0.760261 -0.016401 0.649411 0.000000 0.456721 0.724397 -0.516386 10.439200 -0.461962 0.689188 0.558222 0.000000 0.000000 0.000000 0.000000 1.000000
0.761695 -0.059100 0.645235 0.000000 0.476463 0.725947 -0.495968 10.439200 -0.439095 0.685207 0.581108 -0.000000 0.000000 0.000000 0.000000 1.000000
0.763241 -0.085549 0.640425 0.000000 0.485956 0.729229 -0.481738 10.439200 -0.425805 0.678900 0.598151 0.000000 0.000000 0.000000 0.000000 1.000000</float_array>
        <technique_common>
          <accessor source="#mixamorig1_LeftArm-Matrix-animation-output-transform-array" count="20" stride="16">
            <param type="float4x4"/>
          </accessor>
        </technique_common>
      </source>
      <source id="mixamorig1_LeftArm-Interpolations">
        <Name_array id="mixamorig1_LeftArm-Interpolations-array" count="20">
 LINEAR LINEAR LINEAR LINEAR LINEAR LINEAR LINEAR LINEAR LINEAR LINEAR LINEAR
LINEAR LINEAR LINEAR LINEAR LINEAR LINEAR LINEAR LINEAR LINEAR</Name_array>
        <technique_common>
          <accessor source="#mixamorig1_LeftArm-Interpolations-array" count="20">
            <param type="name"/>
          </accessor>
        </technique_common>
