<?xml version="1.0" encoding="utf-8"?>
<COLLADA xmlns="http://www.collada.org/2005/11/COLLADASchema" version="1.4.1">
  <asset>
    <contributor>
      <author>Mixamo</author>
      <authoring_tool>COLLADA Mixamo exporter</authoring_tool>
      <comments/>
    </contributor>
    <created>2024-12-16T14:49:13Z</created>
    <modified>2024-12-16T14:49:13Z</modified>
    <revision/>
    <title/>
    <unit meter="0.010000"/>
    <up_axis>Y_UP</up_axis>
  </asset>
  <library_animations>
    <animation id="mixamorig1_Hips-anim" name="mixamorig1_Hips">
      <source id="mixamorig1_Hips-Matrix-animation-input">
        <float_array id="mixamorig1_Hips-Matrix-animation-input-array" count="50">

0.000000 0.033333 0.066667 0.100000 0.133333 0.166667 0.200000 0.233333 0.266667 0.300000 0.333333 0.366667 0.400000 0.433333 0.466667 0.500000
0.533333 0.566667 0.600000 0.633333 0.666667 0.700000 0.733333 0.766667 0.800000 0.833333 0.866667 0.900000 0.933333 0.966667 1.000000 1.033333
1.066667 1.100000 1.133333 1.166667 1.200000 1.233333 1.266667 1.300000 1.333333 1.366667 1.400000 1.433333 1.466667 1.500000 1.533333 1.566667
1.600000 1.633333</float_array>
        <technique_common>
          <accessor source="#mixamorig1_Hips-Matrix-animation-input-array" count="50">
            <param name="TIME" type="float"/>
          </accessor>
        </technique_common>
      </source>
      <source id="mixamorig1_Hips-Matrix-animation-output-transform">
        <float_array id="mixamorig1_Hips-Matrix-animation-output-transform-array" count="800">

0.999994 0.000406 0.003310 -0.112449 -0.000224 0.998506 -0.054650 53.989147 -0.003327 0.054649 0.998500 1.466007 0.000000 0.000000 0.000000 1.000000
0.997058 0.018218 -0.074456 0.239288 -0.024168 0.996517 -0.079809 53.377480 0.072742 0.081373 0.994026 0.064360 0.000000 0.000000 0.000000 1.000000
0.991976 0.027120 -0.123487 0.578226 -0.038465 0.995160 -0.090432 52.591206 0.120437 0.094456 0.988217 -1.333648 0.000000 0.000000 0.000000 1.000000
0.990271 0.027867 -0.136334 0.840136 -0.039867 0.995489 -0.086098 51.848782 0.133320 0.090696 0.986914 -2.606205 0.000000 0.000000 0.000000 1.000000
0.989927 0.027401 -0.138905 0.958070 -0.037399 0.996854 -0.069886 51.206974 0.136553 0.074377 0.987837 -3.611477 0.000000 0.000000 0.000000 1.000000
0.987055 0.035346 -0.156438 0.753714 -0.043141 0.997976 -0.046713 50.656139 0.154470 0.052857 0.986583 -4.305349 0.000000 0.000000 0.000000 1.000000
0.982403 0.055067 -0.178471 0.042925 -0.059827 0.997979 -0.021396 49.962070 0.176932 0.031697 0.983713 -4.698554 0.000000 0.000000 0.000000 1.000000
0.982260 0.080507 -0.169365 -1.289300 -0.081336 0.996685 0.002052 48.636707 0.168969 0.011760 0.985551 -4.898454 0.000000 0.000000 0.000000 1.000000
0.988645 0.102415 -0.109962 -3.061306 -0.100133 0.994632 0.026091 47.165779 0.112044 -0.014784 0.993593 -5.559161 0.000000 0.000000 0.000000 1.000000
0.992869 0.118454 -0.013415 -4.630638 -0.117297 0.990806 0.067413 45.788952 0.021277 -0.065359 0.997635 -7.058901 0.000000 0.000000 0.000000 1.000000
0.987355 0.128422 0.092942 -5.709525 -0.140963 0.979467 0.144130 44.357403 -0.072524 -0.155409 0.985184 -9.155522 0.000000 0.000000 0.000000 1.000000
0.971749 0.131110 0.196250 -6.894200 -0.178523 0.952215 0.247823 42.622112 -0.154380 -0.275857 0.948720 -11.213420 0.000000 0.000000 0.000000 1.000000
0.945644 0.126159 0.299734 -8.134199 -0.228558 0.913490 0.336597 40.530655 -0.231339 -0.386808 0.892671 -12.287326 0.000000 0.000000 0.000000 1.000000
0.909572 0.123685 0.396713 -8.876371 -0.281933 0.885017 0.370483 38.145447 -0.305275 -0.448828 0.839858 -12.855051 0.000000 0.000000 0.000000 1.000000
0.870996 0.132155 0.473181 -9.167319 -0.325605 0.876515 0.354547 35.088905 -0.367895 -0.462879 0.806471 -13.480941 0.000000 0.000000 0.000000 1.000000
0.838788 0.135174 0.527412 -9.489930 -0.353336 0.872141 0.338413 31.519455 -0.414233 -0.470210 0.779303 -14.485654 0.000000 0.000000 0.000000 1.000000
0.809605 0.110383 0.576503 -10.462816 -0.376629 0.851008 0.365972 27.581295 -0.450211 -0.513421 0.730554 -15.450463 0.000000 0.000000 0.000000 1.000000
0.772097 0.055568 0.633071 -11.669929 -0.414334 0.799351 0.435161 23.023813 -0.481865 -0.598289 0.640200 -15.980905 0.000000 0.000000 0.000000 1.000000
0.719149 -0.018280 0.694616 -12.568236 -0.476220 0.714996 0.511855 18.404879 -0.506004 -0.698890 0.505483 -16.598459 0.000000 0.000000 0.000000 1.000000
0.654644 -0.105103 0.748595 -13.339077 -0.556721 0.602873 0.571494 14.216510 -0.511374 -0.790884 0.336154 -16.788740 0.000000 0.000000 0.000000 1.000000
0.586158 -0.204260 0.784026 -13.984477 -0.646628 0.465104 0.604608 10.920816 -0.488151 -0.861369 0.140544 -16.255348 0.000000 0.000000 0.000000 1.000000
0.523259 -0.311064 0.793372 -13.984061 -0.731950 0.312717 0.605358 9.565395 -0.436406 -0.897467 -0.064051 -16.834402 0.000000 0.000000 0.000000 1.000000
0.476962 -0.409714 0.777587 -14.157429 -0.792594 0.181870 0.581995 9.873421 -0.379871 -0.893900 -0.237992 -19.239731 0.000000 0.000000 0.000000 1.000000
0.448224 -0.477315 0.755821 -15.258477 -0.827208 0.099035 0.553100 10.502949 -0.338856 -0.873133 -0.350449 -21.925529 0.000000 0.000000 0.000000 1.000000
0.411581 -0.512643 0.753524 -16.878880 -0.858449 0.059583 0.509427 11.016546 -0.306051 -0.856532 -0.415554 -24.144459 0.000000 0.000000 0.000000 1.000000
0.338157 -0.532265 0.776108 -18.531219 -0.907715 0.033204 0.418271 11.519109 -0.248401 -0.845927 -0.471916 -26.091152 0.000000 0.000000 0.000000 1.000000
0.227494 -0.556177 0.799321 -20.091864 -0.962399 -0.003287 0.271621 11.888741 -0.148441 -0.831057 -0.536012 -27.953781 0.000000 0.000000 0.000000 1.000000
0.115033 -0.585394 0.802547 -21.479755 -0.993230 -0.054604 0.102535 11.827698 -0.016201 -0.808908 -0.587712 -30.118076 0.000000 0.000000 0.000000 1.000000
0.009827 -0.605898 0.795482 -22.754868 -0.991304 -0.110297 -0.071764 11.248649 0.131221 -0.787859 -0.601713 -32.647076 0.000000 0.000000 0.000000 1.000000
-0.105061 -0.620945 0.776781 -23.575306 -0.950163 -0.167866 -0.262700 11.196374 0.293517 -0.765669 -0.572363 -35.598316 0.000000 0.000000 0.000000 1.000000
-0.216670 -0.658527 0.720691 -23.754353 -0.857215 -0.224926 -0.463239 12.096333 0.467158 -0.718158 -0.515765 -38.617950 0.000000 0.000000 0.000000 1.000000
-0.281292 -0.722768 0.631254 -23.659163 -0.735516 -0.260121 -0.625583 13.466905 0.616353 -0.640269 -0.458437 -41.432365 0.000000 0.000000 0.000000 1.000000
-0.303094 -0.776673 0.552189 -22.861126 -0.634764 -0.267646 -0.724873 15.590916 0.710780 -0.570214 -0.411882 -44.327999 0.000000 0.000000 0.000000 1.000000
-0.330350 -0.796833 0.505891 -21.355709 -0.558565 -0.267007 -0.785311 17.841133 0.760838 -0.542001 -0.356877 -47.487400 0.000000 0.000000 0.000000 1.000000
-0.393196 -0.788294 0.473275 -19.862854 -0.461918 -0.275706 -0.842982 19.131964 0.795002 -0.550071 -0.255721 -50.886311 0.000000 0.000000 0.000000 1.000000
-0.471637 -0.771782 0.426510 -18.476006 -0.311530 -0.306657 -0.899395 19.409054 0.824929 -0.557058 -0.095803 -54.193447 0.000000 0.000000 0.000000 1.000000
-0.520013 -0.772082 0.365344 -17.030096 -0.136351 -0.347205 -0.927824 19.140440 0.843205 -0.532295 0.075277 -57.029724 0.000000 0.000000 0.000000 1.000000
-0.530545 -0.790610 0.305708 -15.763822 -0.002961 -0.358920 -0.933364 18.641535 0.847652 -0.496097 0.188082 -59.454563 0.000000 0.000000 0.000000 1.000000
-0.525423 -0.815919 0.241261 -14.891768 0.062174 -0.319617 -0.945505 17.945440 0.848567 -0.481789 0.218663 -61.595112 0.000000 0.000000 0.000000 1.000000
-0.517264 -0.841757 0.154545 -14.157425 0.093836 -0.235274 -0.967389 17.007404 0.850666 -0.485893 0.200686 -63.276634 0.000000 0.000000 0.000000 1.000000
-0.507974 -0.860257 0.043827 -13.424059 0.143480 -0.134674 -0.980447 15.742857 0.849339 -0.491753 0.191840 -64.482391 0.000000 0.000000 0.000000 1.000000
-0.497063 -0.864547 -0.074075 -12.778139 0.232074 -0.050198 -0.971402 14.090647 0.836104 -0.500039 0.225591 -65.538933 0.000000 0.000000 0.000000 1.000000
-0.477389 -0.859648 -0.181949 -12.058558 0.345868 0.006516 -0.938261 12.115147 0.807759 -0.510846 0.294214 -66.657486 0.000000 0.000000 0.000000 1.000000
-0.442479 -0.856501 -0.265740 -11.097638 0.447771 0.045733 -0.892978 10.230160 0.776990 -0.514115 0.363281 -67.633087 0.000000 0.000000 0.000000 1.000000
-0.408582 -0.858626 -0.309552 -10.008591 0.497713 0.074692 -0.864120 9.227778 0.765077 -0.507132 0.396831 -68.221344 0.000000 0.000000 0.000000 1.000000
-0.406360 -0.861871 -0.303398 -9.363836 0.478599 0.082081 -0.874189 9.661385 0.778341 -0.500441 0.379136 -68.701035 0.000000 0.000000 0.000000 1.000000
-0.447825 -0.856729 -0.255869 -9.123114 0.406388 0.059872 -0.911737 11.018160 0.796430 -0.512281 0.321352 -69.005219 0.000000 0.000000 0.000000 1.000000
-0.505189 -0.838379 -0.204705 -8.883512 0.324541 0.035230 -0.945215 12.644416 0.799661 -0.543947 0.254290 -69.033852 0.000000 0.000000 0.000000 1.000000
-0.546778 -0.815366 -0.190295 -8.416315 0.279314 0.036628 -0.959501 14.332382 0.789315 -0.577786 0.207716 -68.798904 0.000000 0.000000 0.000000 1.000000
-0.557352 -0.801847 -0.215408 -7.707458 0.283373 0.060153 -0.957122 16.109661 0.780422 -0.594494 0.193695 -68.360893 0.000000 0.000000 0.000000 1.000000</float_array>
        <technique_common>
          <accessor source="#mixamorig1_Hips-Matrix-animation-output-transform-array" count="50" stride="16">
            <param type="float4x4"/>
          </accessor>
        </technique_common>
      </source>
      <source id="mixamorig1_Hips-Interpolations">
        <Name_array id="mixamorig1_Hips-Interpolations-array" count="50">
 LINEAR LINEAR LINEAR LINEAR LINEAR LINEAR LINEAR LINEAR LINEAR LINEAR LINEAR
LINEAR LINEAR LINEAR LINEAR LINEAR LINEAR LINEAR LINEAR LINEAR LINEAR LINEAR LINEAR
LINEAR LINEAR LINEAR LINEAR LINEAR LINEAR LINEAR LINEAR LINEAR LINEAR LINEAR LINEAR
LINEAR LINEAR LINEAR LINEAR LINEAR LINEAR LINEAR LINEAR LINEAR LINEAR LINEAR LINEAR
LINEAR LINEAR LINEAR</Name_array>
        <technique_common>
          <accessor source="#mixamorig1_Hips-Interpolations-array" count="50">
            <param type="name"/>
          </accessor>
        </technique_common>
      </source>
      <sampler id="mixamorig1_Hips-Matrix-animation-transform">
        <input semantic="INPUT" source="#mixamorig1_Hips-Matrix-animation-input"/>
        <input semantic="OUTPUT" source="#mixamorig1_Hips-Matrix-animation-output-transform"/>
        <input semantic="INTERPOLATION" source="#mixamorig1_Hips-Interpolations"/>
      </sampler>
      <channel source="#mixamorig1_Hips-Matrix-animation-transform" target="mixamorig1_Hips/matrix"/>
    </animation>
    <animation id="mixamorig1_Spine-anim" name="mixamorig1_Spine">
      <source id="mixamorig1_Spine-Matrix-animation-input">
        <float_array id="mixamorig1_Spine-Matrix-animation-input-array" count="50">

0.000000 0.033333 0.066667 0.100000 0.133333 0.166667 0.200000 0.233333 0.266667 0.300000 0.333333 0.366667 0.400000 0.433333 0.466667 0.500000
0.533333 0.566667 0.600000 0.633333 0.666667 0.700000 0.733333 0.766667 0.800000 0.833333 0.866667 0.900000 0.933333 0.966667 1.000000 1.033333
1.066667 1.100000 1.133333 1.166667 1.200000 1.233333 1.266667 1.300000 1.333333 1.366667 1.400000 1.433333 1.466667 1.500000 1.533333 1.566667
1.600000 1.633333</float_array>
        <technique_common>
          <accessor source="#mixamorig1_Spine-Matrix-animation-input-array" count="50">
            <param name="TIME" type="float"/>
          </accessor>
        </technique_common>
      </source>
      <source id="mixamorig1_Spine-Matrix-animation-output-transform">
        <float_array id="mixamorig1_Spine-Matrix-animation-output-transform-array" count="800">

0.999929 0.010079 -0.006360 -0.000000 -0.010465 0.997899 -0.063940 7.742100 0.005702 0.064002 0.997933 -0.257000 0.000000 0.000000 0.000000 1.000000
0.999862 0.015308 -0.006407 -0.000000 -0.015683 0.997882 -0.063131 7.742100 0.005427 0.063223 0.997985 -0.257000 0.000000 0.000000 0.000000 1.000000
0.999781 0.018513 -0.009712 0.000000 -0.019084 0.997872 -0.062356 7.742100 0.008537 0.062527 0.998007 -0.257000 0.000000 0.000000 0.000000 1.000000
0.999681 0.020328 -0.014997 0.000000 -0.021222 0.997842 -0.062136 7.742100 0.013702 0.062435 0.997955 -0.257000 0.000000 0.000000 0.000000 1.000000
0.999634 0.021373 -0.016598 -0.000000 -0.022359 0.997847 -0.061649 7.742100 0.015245 0.061997 0.997960 -0.257000 0.000000 0.000000 0.000000 1.000000
0.999733 0.021282 -0.008964 0.000000 -0.021773 0.998035 -0.058751 7.742100 0.007696 0.058930 0.998232 -0.257000 0.000000 0.000000 0.000000 1.000000
0.999802 0.018070 0.008322 0.000000 -0.017623 0.998545 -0.050970 7.742100 -0.009231 0.050813 0.998666 -0.257000 0.000000 0.000000 0.000000 1.000000
0.999487 0.009377 0.030637 0.000000 -0.008227 0.999264 -0.037469 7.742100 -0.030965 0.037198 0.998828 -0.257000 0.000000 0.000000 0.000000 1.000000
0.998576 -0.003270 0.053246 0.000000 0.004412 0.999762 -0.021345 7.742100 -0.053164 0.021549 0.998353 -0.257000 0.000000 0.000000 0.000000 1.000000
0.997292 -0.019492 0.070915 0.000000 0.020199 0.999753 -0.009260 7.742100 -0.070717 0.010668 0.997439 -0.257000 0.000000 0.000000 0.000000 1.000000
0.996213 -0.037093 0.078642 0.000000 0.037804 0.999256 -0.007579 7.742100 -0.078302 0.010523 0.996874 -0.257000 0.000000 0.000000 0.000000 1.000000
0.996149 -0.050691 0.071534 0.000000 0.052018 0.998505 -0.016812 7.742100 -0.070575 0.020468 0.997296 -0.257000 0.000000 0.000000 0.000000 1.000000
0.997187 -0.058991 0.046239 0.000000 0.060333 0.997780 -0.028190 7.742100 -0.044474 0.030901 0.998533 -0.257000 0.000000 0.000000 0.000000 1.000000
0.997678 -0.067189 0.011163 -0.000000 0.067495 0.997277 -0.029710 7.742100 -0.009136 0.030394 0.999496 -0.257000 0.000000 0.000000 0.000000 1.000000
0.997116 -0.073593 -0.018514 0.000000 0.073231 0.997123 -0.019556 7.742100 0.019900 0.018144 0.999637 -0.257000 0.000000 0.000000 0.000000 1.000000
0.996770 -0.074509 -0.029953 0.000000 0.074275 0.997198 -0.008866 7.742100 0.030530 0.006613 0.999512 -0.257000 0.000000 0.000000 0.000000 1.000000
0.996939 -0.074718 -0.023011 -0.000000 0.074508 0.997172 -0.009861 7.742100 0.023682 0.008117 0.999687 -0.257000 0.000000 0.000000 0.000000 1.000000
0.996901 -0.078440 -0.005977 -0.000000 0.078289 0.996680 -0.022367 7.742100 0.007712 0.021830 0.999732 -0.257000 0.000000 0.000000 0.000000 1.000000
0.996298 -0.085267 0.010915 0.000000 0.085600 0.995714 -0.035005 7.742100 -0.007884 0.035810 0.999328 -0.257000 0.000000 0.000000 0.000000 1.000000
0.995804 -0.088451 0.023468 -0.000000 0.089301 0.995278 -0.038051 7.742100 -0.019991 0.039987 0.999000 -0.257000 0.000000 0.000000 0.000000 1.000000
0.996010 -0.083600 0.031219 0.000000 0.084563 0.995938 -0.030934 7.742100 -0.028506 0.033450 0.999034 -0.257000 0.000000 0.000000 0.000000 1.000000
0.996335 -0.077637 0.035902 -0.000000 0.078370 0.996734 -0.019470 7.742100 -0.034273 0.022213 0.999166 -0.257000 0.000000 0.000000 0.000000 1.000000
0.996589 -0.073117 0.038261 -0.000000 0.073527 0.997249 -0.009424 7.742100 -0.037466 0.012206 0.999223 -0.257000 0.000000 0.000000 0.000000 1.000000
0.996799 -0.070071 0.038494 0.000000 0.070217 0.997529 -0.002446 7.742100 -0.038228 0.005141 0.999256 -0.257000 0.000000 0.000000 0.000000 1.000000
0.997272 -0.064553 0.035802 0.000000 0.064523 0.997914 0.001971 7.742100 -0.035855 0.000344 0.999357 -0.257000 0.000000 0.000000 0.000000 1.000000
0.998033 -0.056676 0.026794 -0.000000 0.056604 0.998391 0.003445 7.742100 -0.026946 -0.001922 0.999635 -0.257000 0.000000 0.000000 0.000000 1.000000
0.998917 -0.045054 0.011590 0.000000 0.045033 0.998983 0.002008 7.742100 -0.011668 -0.001484 0.999931 -0.257000 0.000000 0.000000 0.000000 1.000000
0.997930 -0.064267 -0.002518 0.000000 0.064278 0.997922 0.004375 7.742100 0.002231 -0.004527 0.999987 -0.257000 0.000000 0.000000 0.000000 1.000000
0.996003 -0.088310 -0.013381 0.000000 0.088442 0.996035 0.009576 7.742100 0.012482 -0.010721 0.999865 -0.257000 0.000000 0.000000 0.000000 1.000000
0.993695 -0.108809 -0.027035 0.000000 0.109197 0.993931 0.013304 7.742100 0.025423 -0.016172 0.999546 -0.257000 0.000000 0.000000 0.000000 1.000000
0.991429 -0.121983 -0.046773 0.000000 0.122487 0.992437 0.008052 7.742100 0.045438 -0.013712 0.998873 -0.257000 0.000000 0.000000 0.000000 1.000000
0.990732 -0.120536 -0.062616 0.000000 0.120489 0.992704 -0.004530 7.742100 0.062705 -0.003057 0.998027 -0.257000 0.000000 0.000000 0.000000 1.000000
0.992717 -0.100524 -0.066386 0.000000 0.099843 0.994912 -0.013509 7.742100 0.067407 0.006783 0.997703 -0.257000 0.000000 0.000000 0.000000 1.000000
0.995634 -0.069067 -0.062798 0.000000 0.068431 0.997581 -0.012215 7.742100 0.063490 0.007864 0.997952 -0.257000 0.000000 0.000000 0.000000 1.000000
0.997318 -0.036113 -0.063655 0.000000 0.035989 0.999347 -0.003085 7.742100 0.063725 0.000786 0.997967 -0.257000 0.000000 0.000000 0.000000 1.000000
0.997191 -0.009171 -0.074339 0.000000 0.009802 0.999919 0.008118 7.742100 0.074259 -0.008824 0.997200 -0.257000 0.000000 0.000000 0.000000 1.000000
0.995963 0.010694 -0.089125 0.000000 -0.009246 0.999819 0.016637 7.742100 0.089287 -0.015746 0.995881 -0.257000 0.000000 0.000000 0.000000 1.000000
0.995022 0.024271 -0.096653 0.000000 -0.022527 0.999564 0.019098 7.742100 0.097075 -0.016826 0.995135 -0.257000 0.000000 0.000000 0.000000 1.000000
0.995323 0.033231 -0.090711 0.000000 -0.032079 0.999386 0.014126 7.742100 0.091124 -0.011150 0.995777 -0.257000 0.000000 0.000000 0.000000 1.000000
0.996394 0.039770 -0.074946 -0.000000 -0.039542 0.999208 0.004519 7.742100 0.075066 -0.001539 0.997177 -0.257000 0.000000 0.000000 0.000000 1.000000
0.997580 0.040384 -0.056593 0.000000 -0.040610 0.999171 -0.002843 7.742100 0.056431 0.005134 0.998393 -0.257000 0.000000 0.000000 0.000000 1.000000
0.998459 0.035869 -0.042343 0.000000 -0.035935 0.999354 -0.000785 7.742100 0.042287 0.002306 0.999103 -0.257000 0.000000 0.000000 0.000000 1.000000
0.998784 0.031608 -0.037830 0.000000 -0.031183 0.999444 0.011774 7.742100 0.038181 -0.010580 0.999215 -0.257000 0.000000 0.000000 0.000000 1.000000
0.998679 0.028294 -0.042887 -0.000000 -0.027093 0.999232 0.028325 7.742100 0.043656 -0.027126 0.998678 -0.257000 0.000000 0.000000 0.000000 1.000000
0.998440 0.021133 -0.051683 0.000000 -0.019050 0.999000 0.040460 7.742100 0.052486 -0.039412 0.997844 -0.257000 0.000000 0.000000 0.000000 1.000000
0.998446 0.006604 -0.055341 0.000000 -0.004171 0.999024 0.043963 7.742100 0.055578 -0.043664 0.997499 -0.257000 0.000000 0.000000 0.000000 1.000000
0.998940 -0.007610 -0.045406 0.000000 0.009429 0.999156 0.039980 7.742100 0.045064 -0.040366 0.998168 -0.257000 0.000000 0.000000 0.000000 1.000000
0.999507 -0.017634 -0.025995 0.000000 0.018427 0.999362 0.030588 7.742100 0.025439 -0.031052 0.999194 -0.257000 0.000000 0.000000 0.000000 1.000000
0.999717 -0.022344 -0.008133 0.000000 0.022487 0.999586 0.017943 7.742100 0.007728 -0.018120 0.999806 -0.257000 0.000000 0.000000 0.000000 1.000000
0.999710 -0.023935 0.002697 0.000000 0.023920 0.999698 0.005609 7.742100 -0.002831 -0.005543 0.999981 -0.257000 0.000000 0.000000 0.000000 1.000000</float_array>
        <technique_common>
          <accessor source="#mixamorig1_Spine-Matrix-animation-output-transform-array" count="50" stride="16">
            <param type="float4x4"/>
          </accessor>
        </technique_common>
      </source>
      <source id="mixamorig1_Spine-Interpolations">
        <Name_array id="mixamorig1_Spine-Interpolations-array" count="50">
 LINEAR LINEAR LINEAR LINEAR LINEAR LINEAR LINEAR LINEAR LINEAR LINEAR LINEAR
LINEAR LINEAR LINEAR LINEAR LINEAR LINEAR LINEAR LINEAR LINEAR LINEAR LINEAR LINEAR
LINEAR LINEAR LINEAR LINEAR LINEAR LINEAR LINEAR LINEAR LINEAR LINEAR LINEAR LINEAR
LINEAR LINEAR LINEAR LINEAR LINEAR LINEAR LINEAR LINEAR LINEAR LINEAR LINEAR LINEAR
LINEAR LINEAR LINEAR</Name_array>
        <technique_common>
          <accessor source="#mixamorig1_Spine-Interpolations-array" count="50">
            <param type="name"/>
          </accessor>
        </technique_common>
      </source>
      <sampler id="mixamorig1_Spine-Matrix-animation-transform">
        <input semantic="INPUT" source="#mixamorig1_Spine-Matrix-animation-input"/>
        <input semantic="OUTPUT" source="#mixamorig1_Spine-Matrix-animation-output-transform"/>
        <input semantic="INTERPOLATION" source="#mixamorig1_Spine-Interpolations"/>
      </sampler>
      <channel source="#mixamorig1_Spine-Matrix-animation-transform" target="mixamorig1_Spine/matrix"/>
    </animation>
    <animation id="mixamorig1_Spine1-anim" name="mixamorig1_Spine1">
      <source id="mixamorig1_Spine1-Matrix-animation-input">
        <float_array id="mixamorig1_Spine1-Matrix-animation-input-array" count="50">

0.000000 0.033333 0.066667 0.100000 0.133333 0.166667 0.200000 0.233333 0.266667 0.300000 0.333333 0.366667 0.400000 0.433333 0.466667 0.500000
0.533333 0.566667 0.600000 0.633333 0.666667 0.700000 0.733333 0.766667 0.800000 0.833333 0.866667 0.900000 0.933333 0.966667 1.000000 1.033333
1.066667 1.100000 1.133333 1.166667 1.200000 1.233333 1.266667 1.300000 1.333333 1.366667 1.400000 1.433333 1.466667 1.500000 1.533333 1.566667
1.600000 1.633333</float_array>
        <technique_common>
          <accessor source="#mixamorig1_Spine1-Matrix-animation-input-array" count="50">
            <param name="TIME" type="float"/>
          </accessor>
        </technique_common>
      </source>
      <source id="mixamorig1_Spine1-Matrix-animation-output-transform">
        <float_array id="mixamorig1_Spine1-Matrix-animation-output-transform-array" count="800">

0.999216 0.034590 -0.019249 -0.000000 -0.037658 0.980495 -0.192902 9.037500 0.012201 0.193475 0.981029 -0.000000 0.000000 0.000000 0.000000 1.000000
0.998987 0.041007 -0.018551 0.000000 -0.043803 0.980554 -0.191297 9.037500 0.010345 0.191916 0.981357 0.000000 0.000000 0.000000 0.000000 1.000000
0.998465 0.048895 -0.026017 0.000000 -0.052952 0.980436 -0.189580 9.037500 0.016238 0.190666 0.981521 -0.000000 0.000000 0.000000 0.000000 1.000000
0.997653 0.057092 -0.037790 0.000000 -0.063231 0.979985 -0.188762 9.037500 0.026257 0.190709 0.981295 0.000000 0.000000 0.000000 0.000000 1.000000
0.997219 0.062569 -0.040478 -0.000000 -0.069092 0.979806 -0.187633 9.037500 0.027920 0.189908 0.981405 -0.000000 0.000000 0.000000 0.000000 1.000000
0.997830 0.061912 -0.022428 -0.000000 -0.064973 0.981064 -0.182461 9.037500 0.010707 0.183522 0.982957 0.000000 0.000000 0.000000 0.000000 1.000000
0.998490 0.052795 0.015159 0.000000 -0.049508 0.984548 -0.167971 9.037500 -0.023793 0.166967 0.985675 0.000000 0.000000 0.000000 0.000000 1.000000
0.997578 0.034317 0.060501 -0.000000 -0.025449 0.989583 -0.141697 9.037500 -0.064734 0.139814 0.988060 0.000000 0.000000 0.000000 0.000000 1.000000
0.994639 0.006817 0.103187 0.000000 0.004521 0.994004 -0.109252 9.037500 -0.103313 0.109133 0.988644 0.000000 0.000000 0.000000 0.000000 1.000000
0.989984 -0.027570 0.138464 0.000000 0.039461 0.995694 -0.083885 9.037500 -0.135555 0.088509 0.986809 0.000000 0.000000 0.000000 0.000000 1.000000
0.985253 -0.062876 0.159131 0.000000 0.076163 0.993975 -0.078820 9.037500 -0.153217 0.089777 0.984106 0.000000 0.000000 0.000000 0.000000 1.000000
0.984165 -0.092356 0.151296 -0.000000 0.107603 0.989559 -0.095888 9.037500 -0.140860 0.110650 0.983827 0.000000 0.000000 0.000000 0.000000 1.000000
0.987513 -0.116531 0.106011 0.000000 0.128927 0.984517 -0.118763 9.037500 -0.090530 0.130948 0.987247 0.000000 0.000000 0.000000 0.000000 1.000000
0.989643 -0.138957 0.036027 0.000000 0.142400 0.982007 -0.124031 9.037500 -0.018144 0.127877 0.991624 0.000000 0.000000 0.000000 0.000000 1.000000
0.987400 -0.156084 -0.026073 -0.000000 0.152510 0.982561 -0.106369 9.037500 0.042221 0.101053 0.993985 -0.000000 0.000000 0.000000 0.000000 1.000000
0.985193 -0.163446 -0.051770 0.000000 0.158636 0.983554 -0.086353 9.037500 0.065032 0.076862 0.994919 0.000000 0.000000 0.000000 0.000000 1.000000
0.985964 -0.162445 -0.038547 -0.000000 0.158600 0.983440 -0.087704 9.037500 0.052156 0.080359 0.995401 0.000000 0.000000 0.000000 0.000000 1.000000
0.987554 -0.157128 -0.006982 0.000000 0.155392 0.981581 -0.111144 9.037500 0.024317 0.108675 0.993780 0.000000 0.000000 0.000000 0.000000 1.000000
0.988222 -0.151320 0.022810 0.000000 0.153018 0.978908 -0.135370 9.037500 -0.001845 0.137266 0.990533 0.000000 0.000000 0.000000 0.000000 1.000000
0.988246 -0.145963 0.045440 0.000000 0.150998 0.978417 -0.141065 9.037500 -0.023869 0.146268 0.988957 0.000000 0.000000 0.000000 0.000000 1.000000
0.988132 -0.140125 0.062929 0.000000 0.147165 0.981000 -0.126421 9.037500 -0.044019 0.134181 0.989979 0.000000 0.000000 0.000000 0.000000 1.000000
0.988215 -0.133154 0.075508 0.000000 0.140564 0.984676 -0.103221 9.037500 -0.060607 0.112619 0.991788 0.000000 0.000000 0.000000 0.000000 1.000000
0.988893 -0.123015 0.083418 0.000000 0.129932 0.988019 -0.083281 9.037500 -0.072173 0.093195 0.993029 0.000000 0.000000 0.000000 0.000000 1.000000
0.990372 -0.107037 0.087785 0.000000 0.113326 0.991082 -0.070094 9.037500 -0.079499 0.079367 0.993670 -0.000000 0.000000 0.000000 0.000000 1.000000
0.992863 -0.085343 0.083309 -0.000000 0.090663 0.993930 -0.062313 9.037500 -0.077485 0.069421 0.994574 0.000000 0.000000 0.000000 0.000000 1.000000
0.996207 -0.061689 0.061374 0.000000 0.065385 0.996045 -0.060163 9.037500 -0.057420 0.063947 0.996300 0.000000 0.000000 0.000000 0.000000 1.000000
0.998810 -0.041522 0.025589 -0.000000 0.043062 0.997090 -0.062907 9.037500 -0.022903 0.063934 0.997691 0.000000 0.000000 0.000000 0.000000 1.000000
0.996476 -0.083497 -0.007959 0.000000 0.082901 0.994876 -0.057871 9.037500 0.012751 0.057008 0.998292 0.000000 0.000000 0.000000 0.000000 1.000000
0.990146 -0.135852 -0.033996 0.000000 0.134158 0.989799 -0.047953 9.037500 0.040164 0.042920 0.998271 0.000000 0.000000 0.000000 0.000000 1.000000
0.980988 -0.184038 -0.061585 0.000000 0.181694 0.982468 -0.041765 9.037500 0.068192 0.029781 0.997228 0.000000 0.000000 0.000000 0.000000 1.000000
0.971382 -0.218075 -0.094129 0.000000 0.213724 0.975390 -0.054194 9.037500 0.103631 0.032526 0.994084 -0.000000 0.000000 0.000000 0.000000 1.000000
0.966721 -0.226087 -0.119728 0.000000 0.217459 0.972705 -0.080970 9.037500 0.134766 0.052239 0.989499 0.000000 0.000000 0.000000 0.000000 1.000000
0.970455 -0.204714 -0.127709 0.000000 0.192829 0.976176 -0.099483 9.037500 0.145032 0.071918 0.986810 -0.000000 0.000000 0.000000 0.000000 1.000000
0.978885 -0.162371 -0.124179 0.000000 0.150942 0.983817 -0.096544 9.037500 0.137846 0.075761 0.987552 -0.000000 0.000000 0.000000 0.000000 1.000000
0.985967 -0.109802 -0.125748 0.000000 0.100570 0.991902 -0.077567 9.037500 0.133246 0.063832 0.989025 0.000000 0.000000 0.000000 0.000000 1.000000
0.988019 -0.062047 -0.141312 0.000000 0.054790 0.997000 -0.054679 9.037500 0.144281 0.046282 0.988454 0.000000 0.000000 0.000000 0.000000 1.000000
0.986468 -0.023822 -0.162212 0.000000 0.018037 0.999151 -0.037048 9.037500 0.162957 0.033620 0.986060 0.000000 0.000000 0.000000 0.000000 1.000000
0.985236 0.006954 -0.171061 -0.000000 -0.012398 0.999449 -0.030774 9.037500 0.170753 0.032441 0.984780 0.000000 0.000000 0.000000 0.000000 1.000000
0.986659 0.032849 -0.159450 0.000000 -0.039513 0.998465 -0.038804 9.037500 0.157930 0.044587 0.986443 0.000000 0.000000 0.000000 0.000000 1.000000
0.989859 0.050261 -0.132866 0.000000 -0.058251 0.996676 -0.056947 9.037500 0.129562 0.064109 0.989497 0.000000 0.000000 0.000000 0.000000 1.000000
0.993305 0.054194 -0.102016 -0.000000 -0.061658 0.995534 -0.071485 9.037500 0.097686 0.077296 0.992211 0.000000 0.000000 0.000000 0.000000 1.000000
0.995802 0.049153 -0.077221 0.000000 -0.054408 0.996235 -0.067499 9.037500 0.073613 0.071417 0.994726 0.000000 0.000000 0.000000 0.000000 1.000000
0.996725 0.043187 -0.068371 0.000000 -0.046161 0.998028 -0.042539 9.037500 0.066399 0.045556 0.996753 0.000000 0.000000 0.000000 0.000000 1.000000
0.996159 0.037217 -0.079254 0.000000 -0.038093 0.999228 -0.009560 9.037500 0.078837 0.012542 0.996809 0.000000 0.000000 0.000000 0.000000 1.000000
0.994831 0.022026 -0.099125 0.000000 -0.020711 0.999684 0.014266 9.037500 0.099408 -0.012140 0.994973 0.000000 0.000000 0.000000 0.000000 1.000000
0.994359 -0.003621 -0.106003 0.000000 0.005848 0.999769 0.020705 9.037500 0.105904 -0.021208 0.994150 0.000000 0.000000 0.000000 0.000000 1.000000
0.995997 -0.026372 -0.085406 0.000000 0.027552 0.999540 0.012666 9.037500 0.085033 -0.014968 0.996266 0.000000 0.000000 0.000000 0.000000 1.000000
0.998309 -0.035392 -0.046122 0.000000 0.035172 0.999366 -0.005561 9.037500 0.046290 0.003929 0.998920 0.000000 0.000000 0.000000 0.000000 1.000000
0.999424 -0.032382 -0.010150 0.000000 0.032059 0.999019 -0.030545 9.037500 0.011129 0.030202 0.999482 0.000000 0.000000 0.000000 0.000000 1.000000
0.999491 -0.029883 0.011147 0.000000 0.030455 0.998010 -0.055213 9.037500 -0.009475 0.055524 0.998412 0.000000 0.000000 0.000000 0.000000 1.000000</float_array>
        <technique_common>
          <accessor source="#mixamorig1_Spine1-Matrix-animation-output-transform-array" count="50" stride="16">
            <param type="float4x4"/>
          </accessor>
        </technique_common>
      </source>
      <source id="mixamorig1_Spine1-Interpolations">
        <Name_array id="mixamorig1_Spine1-Interpolations-array" count="50">
 LINEAR LINEAR LINEAR LINEAR LINEAR LINEAR LINEAR LINEAR LINEAR LINEAR LINEAR
LINEAR LINEAR LINEAR LINEAR LINEAR LINEAR LINEAR LINEAR LINEAR LINEAR LINEAR LINEAR
LINEAR LINEAR LINEAR LINEAR LINEAR LINEAR LINEAR LINEAR LINEAR LINEAR LINEAR LINEAR
LINEAR LINEAR LINEAR LINEAR LINEAR LINEAR LINEAR LINEAR LINEAR LINEAR LINEAR LINEAR
LINEAR LINEAR LINEAR</Name_array>
        <technique_common>
          <accessor source="#mixamorig1_Spine1-Interpolations-array" count="50">
            <param type="name"/>
          </accessor>
        </technique_common>
      </source>
      <sampler id="mixamorig1_Spine1-Matrix-animation-transform">
        <input semantic="INPUT" source="#mixamorig1_Spine1-Matrix-animation-input"/>
        <input semantic="OUTPUT" source="#mixamorig1_Spine1-Matrix-animation-output-transform"/>
        <input semantic="INTERPOLATION" source="#mixamorig1_Spine1-Interpolations"/>
      </sampler>
      <channel source="#mixamorig1_Spine1-Matrix-animation-transform" target="mixamorig1_Spine1/matrix"/>
    </animation>
    <animation id="mixamorig1_Spine2-anim" name="mixamorig1_Spine2">
      <source id="mixamorig1_Spine2-Matrix-animation-input">
        <float_array id="mixamorig1_Spine2-Matrix-animation-input-array" count="50">

0.000000 0.033333 0.066667 0.100000 0.133333 0.166667 0.200000 0.233333 0.266667 0.300000 0.333333 0.366667 0.400000 0.433333 0.466667 0.500000
0.533333 0.566667 0.600000 0.633333 0.666667 0.700000 0.733333 0.766667 0.800000 0.833333 0.866667 0.900000 0.933333 0.966667 1.000000 1.033333
1.066667 1.100000 1.133333 1.166667 1.200000 1.233333 1.266667 1.300000 1.333333 1.366667 1.400000 1.433333 1.466667 1.500000 1.533333 1.566667
1.600000 1.633333</float_array>
        <technique_common>
          <accessor source="#mixamorig1_Spine2-Matrix-animation-input-array" count="50">
            <param name="TIME" type="float"/>
          </accessor>
        </technique_common>
      </source>
      <source id="mixamorig1_Spine2-Matrix-animation-output-transform">
        <float_array id="mixamorig1_Spine2-Matrix-animation-output-transform-array" count="800">

0.999216 0.034590 -0.019249 0.000000 -0.037658 0.980495 -0.192901 10.328500 0.012201 0.193475 0.981029 0.000000 0.000000 0.000000 0.000000 1.000000
0.998987 0.041007 -0.018551 0.000000 -0.043803 0.980554 -0.191297 10.328500 0.010345 0.191916 0.981357 0.000000 0.000000 0.000000 0.000000 1.000000
0.998465 0.048895 -0.026017 0.000000 -0.052952 0.980436 -0.189580 10.328500 0.016238 0.190666 0.981521 0.000000 0.000000 0.000000 0.000000 1.000000
0.997653 0.057092 -0.037790 0.000000 -0.063231 0.979985 -0.188762 10.328500 0.026257 0.190709 0.981295 -0.000000 0.000000 0.000000 0.000000 1.000000
0.997219 0.062569 -0.040478 0.000000 -0.069092 0.979806 -0.187633 10.328500 0.027920 0.189908 0.981405 0.000000 0.000000 0.000000 0.000000 1.000000
0.997830 0.061912 -0.022428 -0.000000 -0.064973 0.981064 -0.182461 10.328500 0.010707 0.183522 0.982957 0.000000 0.000000 0.000000 0.000000 1.000000
0.998490 0.052795 0.015159 0.000000 -0.049507 0.984548 -0.167971 10.328500 -0.023793 0.166967 0.985675 0.000000 0.000000 0.000000 0.000000 1.000000
0.997578 0.034317 0.060501 0.000000 -0.025449 0.989583 -0.141697 10.328500 -0.064734 0.139814 0.988060 0.000000 0.000000 0.000000 0.000000 1.000000
0.994639 0.006817 0.103187 0.000000 0.004521 0.994004 -0.109252 10.328500 -0.103313 0.109133 0.988644 0.000000 0.000000 0.000000 0.000000 1.000000
0.989984 -0.027570 0.138464 0.000000 0.039461 0.995694 -0.083885 10.328500 -0.135555 0.088509 0.986809 0.000000 0.000000 0.000000 0.000000 1.000000
0.985253 -0.062876 0.159131 0.000000 0.076163 0.993975 -0.078820 10.328500 -0.153217 0.089777 0.984106 0.000000 0.000000 0.000000 0.000000 1.000000
0.984165 -0.092356 0.151295 -0.000000 0.107603 0.989559 -0.095888 10.328500 -0.140860 0.110650 0.983827 0.000000 0.000000 0.000000 0.000000 1.000000
0.987513 -0.116531 0.106011 0.000000 0.128927 0.984517 -0.118763 10.328500 -0.090530 0.130948 0.987247 0.000000 0.000000 0.000000 0.000000 1.000000
0.989643 -0.138957 0.036027 0.000000 0.142400 0.982007 -0.124031 10.328500 -0.018144 0.127877 0.991624 0.000000 0.000000 0.000000 0.000000 1.000000
0.987400 -0.156084 -0.026073 0.000000 0.152510 0.982561 -0.106369 10.328500 0.042221 0.101053 0.993985 -0.000000 0.000000 0.000000 0.000000 1.000000
0.985193 -0.163446 -0.051770 0.000000 0.158636 0.983554 -0.086353 10.328500 0.065032 0.076862 0.994919 0.000000 0.000000 0.000000 0.000000 1.000000
0.985964 -0.162445 -0.038547 0.000000 0.158600 0.983440 -0.087704 10.328500 0.052156 0.080359 0.995400 -0.000000 0.000000 0.000000 0.000000 1.000000
0.987554 -0.157128 -0.006982 0.000000 0.155392 0.981581 -0.111144 10.328500 0.024317 0.108675 0.993780 0.000000 0.000000 0.000000 0.000000 1.000000
0.988222 -0.151320 0.022810 0.000000 0.153018 0.978908 -0.135370 10.328500 -0.001845 0.137266 0.990533 0.000000 0.000000 0.000000 0.000000 1.000000
0.988246 -0.145963 0.045441 0.000000 0.150997 0.978417 -0.141065 10.328500 -0.023870 0.146268 0.988957 -0.000000 0.000000 0.000000 0.000000 1.000000
0.988132 -0.140125 0.062930 0.000000 0.147165 0.981000 -0.126421 10.328500 -0.044020 0.134181 0.989979 0.000000 0.000000 0.000000 0.000000 1.000000
0.988215 -0.133154 0.075509 -0.000000 0.140564 0.984676 -0.103221 10.328500 -0.060607 0.112619 0.991788 0.000000 0.000000 0.000000 0.000000 1.000000
0.988893 -0.123016 0.083418 0.000000 0.129932 0.988019 -0.083282 10.328500 -0.072173 0.093195 0.993029 -0.000000 0.000000 0.000000 0.000000 1.000000
0.990372 -0.107037 0.087785 0.000000 0.113327 0.991082 -0.070094 10.328500 -0.079499 0.079368 0.993670 0.000000 0.000000 0.000000 0.000000 1.000000
0.992863 -0.085343 0.083309 0.000000 0.090664 0.993930 -0.062313 10.328500 -0.077486 0.069421 0.994574 0.000000 0.000000 0.000000 0.000000 1.000000
0.996207 -0.061689 0.061374 -0.000000 0.065385 0.996045 -0.060163 10.328500 -0.057420 0.063947 0.996300 -0.000000 0.000000 0.000000 0.000000 1.000000
0.998810 -0.041522 0.025589 -0.000000 0.043062 0.997090 -0.062907 10.328500 -0.022903 0.063934 0.997691 -0.000000 0.000000 0.000000 0.000000 1.000000
0.996476 -0.083498 -0.007959 -0.000000 0.082901 0.994876 -0.057872 10.328500 0.012750 0.057008 0.998292 -0.000000 0.000000 0.000000 0.000000 1.000000
0.990146 -0.135852 -0.033997 -0.000000 0.134158 0.989799 -0.047953 10.328500 0.040165 0.042920 0.998271 -0.000000 0.000000 0.000000 0.000000 1.000000
0.980988 -0.184038 -0.061585 0.000000 0.181694 0.982468 -0.041765 10.328500 0.068192 0.029781 0.997228 -0.000000 0.000000 0.000000 0.000000 1.000000
0.971382 -0.218075 -0.094129 0.000000 0.213723 0.975390 -0.054195 10.328500 0.103631 0.032526 0.994084 0.000000 0.000000 0.000000 0.000000 1.000000
0.966721 -0.226087 -0.119728 0.000000 0.217458 0.972705 -0.080970 10.328500 0.134766 0.052239 0.989499 0.000000 0.000000 0.000000 0.000000 1.000000
0.970455 -0.204714 -0.127709 0.000000 0.192829 0.976176 -0.099483 10.328500 0.145032 0.071918 0.986810 0.000000 0.000000 0.000000 0.000000 1.000000
0.978885 -0.162372 -0.124179 0.000000 0.150942 0.983817 -0.096544 10.328500 0.137846 0.075761 0.987552 0.000000 0.000000 0.000000 0.000000 1.000000
0.985967 -0.109802 -0.125748 -0.000000 0.100570 0.991902 -0.077567 10.328500 0.133246 0.063832 0.989025 0.000000 0.000000 0.000000 0.000000 1.000000
0.988019 -0.062047 -0.141312 0.000000 0.054791 0.997000 -0.054680 10.328500 0.144280 0.046282 0.988454 0.000000 0.000000 0.000000 0.000000 1.000000
0.986468 -0.023822 -0.162213 0.000000 0.018036 0.999151 -0.037047 10.328500 0.162957 0.033620 0.986060 -0.000000 0.000000 0.000000 0.000000 1.000000
0.985236 0.006954 -0.171061 0.000000 -0.012398 0.999449 -0.030774 10.328500 0.170753 0.032441 0.984780 0.000000 0.000000 0.000000 0.000000 1.000000
0.986659 0.032849 -0.159450 0.000000 -0.039513 0.998465 -0.038804 10.328500 0.157930 0.044587 0.986443 0.000000 0.000000 0.000000 0.000000 1.000000
0.989859 0.050261 -0.132866 0.000000 -0.058251 0.996676 -0.056947 10.328500 0.129562 0.064109 0.989497 -0.000000 0.000000 0.000000 0.000000 1.000000
0.993305 0.054194 -0.102016 0.000000 -0.061658 0.995534 -0.071485 10.328500 0.097687 0.077296 0.992211 0.000000 0.000000 0.000000 0.000000 1.000000
0.995802 0.049153 -0.077221 0.000000 -0.054409 0.996235 -0.067499 10.328500 0.073613 0.071417 0.994727 0.000000 0.000000 0.000000 0.000000 1.000000
0.996725 0.043187 -0.068371 0.000000 -0.046162 0.998028 -0.042539 10.328500 0.066399 0.045556 0.996753 -0.000000 0.000000 0.000000 0.000000 1.000000
0.996159 0.037218 -0.079254 0.000000 -0.038093 0.999228 -0.009559 10.328500 0.078837 0.012542 0.996809 -0.000000 0.000000 0.000000 0.000000 1.000000
0.994831 0.022025 -0.099125 -0.000000 -0.020711 0.999684 0.014266 10.328500 0.099408 -0.012139 0.994973 0.000000 0.000000 0.000000 0.000000 1.000000
0.994359 -0.003621 -0.106003 -0.000000 0.005848 0.999769 0.020704 10.328500 0.105903 -0.021208 0.994150 0.000000 0.000000 0.000000 0.000000 1.000000
0.995997 -0.026372 -0.085406 0.000000 0.027551 0.999540 0.012666 10.328500 0.085033 -0.014968 0.996266 0.000000 0.000000 0.000000 0.000000 1.000000
0.998309 -0.035392 -0.046122 0.000000 0.035172 0.999366 -0.005561 10.328500 0.046290 0.003929 0.998920 0.000000 0.000000 0.000000 0.000000 1.000000
0.999424 -0.032381 -0.010150 0.000000 0.032058 0.999019 -0.030545 10.328500 0.011129 0.030202 0.999482 -0.000000 0.000000 0.000000 0.000000 1.000000
0.999491 -0.029883 0.011147 -0.000000 0.030454 0.998010 -0.055213 10.328500 -0.009475 0.055524 0.998412 -0.000000 0.000000 0.000000 0.000000 1.000000</float_array>
        <technique_common>
          <accessor source="#mixamorig1_Spine2-Matrix-animation-output-transform-array" count="50" stride="16">
            <param type="float4x4"/>
          </accessor>
        </technique_common>
      </source>
      <source id="mixamorig1_Spine2-Interpolations">
        <Name_array id="mixamorig1_Spine2-Interpolations-array" count="50">
 LINEAR LINEAR LINEAR LINEAR LINEAR LINEAR LINEAR LINEAR LINEAR LINEAR LINEAR
LINEAR LINEAR LINEAR LINEAR LINEAR LINEAR LINEAR LINEAR LINEAR LINEAR LINEAR LINEAR
LINEAR LINEAR LINEAR LINEAR LINEAR LINEAR LINEAR LINEAR LINEAR LINEAR LINEAR LINEAR
LINEAR LINEAR LINEAR LINEAR LINEAR LINEAR LINEAR LINEAR LINEAR LINEAR LINEAR LINEAR
LINEAR LINEAR LINEAR</Name_array>
        <technique_common>
          <accessor source="#mixamorig1_Spine2-Interpolations-array" count="50">
            <param type="name"/>
          </accessor>
        </technique_common>
      </source>
      <sampler id="mixamorig1_Spine2-Matrix-animation-transform">
        <input semantic="INPUT" source="#mixamorig1_Spine2-Matrix-animation-input"/>
