<?xml version="1.0" encoding="utf-8"?>
<COLLADA xmlns="http://www.collada.org/2005/11/COLLADASchema" version="1.4.1">
  <asset>
    <contributor>
      <author>Mixamo</author>
      <authoring_tool>COLLADA Mixamo exporter</authoring_tool>
      <comments/>
    </contributor>
    <created>2024-11-07T08:23:01Z</created>
    <modified>2024-11-07T08:23:01Z</modified>
    <revision/>
    <title/>
    <unit meter="0.010000"/>
    <up_axis>Y_UP</up_axis>
  </asset>
  <library_animations>
    <animation id="mixamorig_Hips-anim" name="mixamorig_Hips">
      <source id="mixamorig_Hips-Matrix-animation-input">
        <float_array id="mixamorig_Hips-Matrix-animation-input-array" count="56">

0.000000 0.033333 0.066667 0.100000 0.133333 0.166667 0.200000 0.233333 0.266667 0.300000 0.333333 0.366667 0.400000 0.433333 0.466667 0.500000
0.533333 0.566667 0.600000 0.633333 0.666667 0.700000 0.733333 0.766667 0.800000 0.833333 0.866667 0.900000 0.933333 0.966667 1.000000 1.033333
1.066667 1.100000 1.133333 1.166667 1.200000 1.233333 1.266667 1.300000 1.333333 1.366667 1.400000 1.433333 1.466667 1.500000 1.533333 1.566667
1.600000 1.633333 1.666667 1.700000 1.733333 1.766667 1.800000 1.833333</float_array>
        <technique_common>
          <accessor source="#mixamorig_Hips-Matrix-animation-input-array" count="56">
            <param name="TIME" type="float"/>
          </accessor>
        </technique_common>
      </source>
      <source id="mixamorig_Hips-Matrix-animation-output-transform">
        <float_array id="mixamorig_Hips-Matrix-animation-output-transform-array" count="896">

0.979759 0.066627 -0.188769 0.191449 -0.139513 0.903517 -0.405207 93.839142 0.143559 0.423341 0.894524 -0.205490 0.000000 0.000000 0.000000 1.000000
0.980697 0.017393 -0.194760 -0.434993 -0.095554 0.911635 -0.399738 97.062035 0.170598 0.410632 0.895699 -2.912099 0.000000 0.000000 0.000000 1.000000
0.985560 -0.023611 -0.167675 -1.161341 -0.045610 0.916616 -0.397159 99.474525 0.163071 0.399072 0.902302 -3.523474 0.000000 0.000000 0.000000 1.000000
0.991819 -0.057215 -0.114109 -2.250978 0.006553 0.915568 -0.402110 101.384010 0.127481 0.398073 0.908453 -2.497761 0.000000 0.000000 0.000000 1.000000
0.994874 -0.077586 -0.064851 -3.289407 0.044050 0.909800 -0.412703 102.585526 0.091022 0.407731 0.908554 -2.958951 0.000000 0.000000 0.000000 1.000000
0.996396 -0.077612 -0.034231 -3.823353 0.055763 0.903406 -0.425145 102.557861 0.063921 0.421704 0.904478 -3.796545 0.000000 0.000000 0.000000 1.000000
0.997270 -0.071945 -0.016638 -4.091775 0.057602 0.898899 -0.434354 101.943184 0.046205 0.432210 0.900589 -4.412123 0.000000 0.000000 0.000000 1.000000
0.996591 -0.082497 -0.000578 -4.470016 0.074124 0.898484 -0.432704 101.068977 0.036216 0.431186 0.901536 -4.340611 0.000000 0.000000 0.000000 1.000000
0.995370 -0.096083 0.002405 -4.845376 0.087913 0.900040 -0.426848 99.475632 0.038848 0.425083 0.904320 -5.185476 0.000000 0.000000 0.000000 1.000000
0.993632 -0.112669 -0.000824 -5.241871 0.101846 0.901261 -0.421136 96.488594 0.048192 0.418370 0.906997 -6.477117 0.000000 0.000000 0.000000 1.000000
0.991662 -0.128847 -0.002025 -5.300806 0.116429 0.902604 -0.414427 95.912292 0.055226 0.410736 0.910080 -7.567191 0.000000 0.000000 0.000000 1.000000
0.990991 -0.133923 -0.001050 -5.410175 0.122017 0.906069 -0.405154 96.542145 0.055211 0.401376 0.914248 -8.604237 0.000000 0.000000 0.000000 1.000000
0.992599 -0.121440 0.000708 -5.972255 0.111990 0.913068 -0.392129 97.632881 0.046974 0.389306 0.919910 -9.356478 0.000000 0.000000 0.000000 1.000000
0.997459 -0.069920 0.013693 -6.441113 0.069944 0.924348 -0.375085 99.072739 0.013569 0.375089 0.926889 -9.437538 0.000000 0.000000 0.000000 1.000000
0.997405 -0.004590 0.071851 -6.967997 0.031732 0.923836 -0.381471 101.167976 -0.064627 0.382761 0.921584 -8.701084 0.000000 0.000000 0.000000 1.000000
0.989086 0.069382 0.129984 -7.499356 -0.011531 0.915937 -0.401157 102.506676 -0.146890 0.395280 0.906740 -6.833810 0.000000 0.000000 0.000000 1.000000
0.983776 0.127543 0.126165 -7.937121 -0.065794 0.910754 -0.407675 103.532913 -0.166901 0.392760 0.904369 -4.643718 0.000000 0.000000 0.000000 1.000000
0.981531 0.171680 0.084392 -8.303336 -0.121267 0.899570 -0.419605 104.161972 -0.147954 0.401621 0.903775 -3.044630 0.000000 0.000000 0.000000 1.000000
0.982166 0.184216 0.037597 -8.726202 -0.146265 0.874291 -0.462840 103.875458 -0.118133 0.449087 0.885644 -1.543851 0.000000 0.000000 0.000000 1.000000
0.985021 0.172370 -0.004681 -9.183763 -0.152550 0.858461 -0.489667 103.212761 -0.080386 0.483046 0.871897 0.117947 0.000000 0.000000 0.000000 1.000000
0.986510 0.156490 -0.048054 -9.449113 -0.161069 0.875441 -0.455697 100.733429 -0.029244 0.457289 0.888837 2.900438 0.000000 0.000000 0.000000 1.000000
0.987413 0.137867 -0.077506 -9.708805 -0.157408 0.904356 -0.396691 97.778725 0.015403 0.403898 0.914674 4.467447 0.000000 0.000000 0.000000 1.000000
0.987068 0.133432 -0.088846 -10.278265 -0.157026 0.916318 -0.368381 94.315491 0.032257 0.377568 0.925420 4.693094 0.000000 0.000000 0.000000 1.000000
0.974298 0.191940 -0.117909 -10.879930 -0.222334 0.903512 -0.366378 91.304977 0.036209 0.383177 0.922965 3.916917 0.000000 0.000000 0.000000 1.000000
0.958736 0.244558 -0.144974 -11.400772 -0.282125 0.881354 -0.378973 89.454109 0.035092 0.404236 0.913981 2.881124 0.000000 0.000000 0.000000 1.000000
0.966304 0.224589 -0.125764 -11.825573 -0.256725 0.876342 -0.407574 88.561989 0.018676 0.426127 0.904470 2.254572 0.000000 0.000000 0.000000 1.000000
0.976640 0.190943 -0.098563 -11.976963 -0.214775 0.881821 -0.419838 89.920769 0.006749 0.431199 0.902231 1.918948 0.000000 0.000000 0.000000 1.000000
0.981557 0.164267 -0.097782 -12.084046 -0.190052 0.893697 -0.406431 92.172913 0.020624 0.417519 0.908434 1.501728 0.000000 0.000000 0.000000 1.000000
0.985356 0.113704 -0.127065 -12.134182 -0.155188 0.906778 -0.392008 94.739517 0.070647 0.405986 0.911145 1.248739 0.000000 0.000000 0.000000 1.000000
0.984935 0.043771 -0.167292 -12.015261 -0.106310 0.916286 -0.386157 97.095810 0.136385 0.398125 0.907136 1.724250 0.000000 0.000000 0.000000 1.000000
0.985243 -0.011295 -0.170789 -11.837561 -0.054770 0.924552 -0.377099 98.964081 0.162163 0.380889 0.910290 3.097963 0.000000 0.000000 0.000000 1.000000
0.991766 -0.050226 -0.117804 -11.608976 0.003747 0.930871 -0.365330 100.042496 0.128009 0.361880 0.923394 5.288548 0.000000 0.000000 0.000000 1.000000
0.995088 -0.095335 -0.026670 -11.562045 0.078982 0.926983 -0.366693 99.135391 0.059681 0.362786 0.929959 8.296160 0.000000 0.000000 0.000000 1.000000
0.989429 -0.131375 0.061406 -11.711677 0.144904 0.912454 -0.382663 97.245987 -0.005757 0.387516 0.921845 11.521153 0.000000 0.000000 0.000000 1.000000
0.988018 -0.129459 0.084026 -11.628863 0.152742 0.898277 -0.412030 95.063950 -0.022137 0.419927 0.907288 14.056873 0.000000 0.000000 0.000000 1.000000
0.992049 -0.119095 0.040687 -11.139241 0.125179 0.900326 -0.416825 92.781921 0.013010 0.418604 0.908076 15.006180 0.000000 0.000000 0.000000 1.000000
0.990453 -0.135934 0.022900 -10.809269 0.133756 0.907501 -0.398184 91.007584 0.033345 0.397445 0.917020 13.527091 0.000000 0.000000 0.000000 1.000000
0.987175 -0.152438 0.047419 -10.393337 0.158751 0.905999 -0.392381 90.462555 0.016853 0.394877 0.918580 12.080810 0.000000 0.000000 0.000000 1.000000
0.988505 -0.141536 0.053153 -9.774490 0.150834 0.899221 -0.410670 92.236702 0.010329 0.413967 0.910233 10.751152 0.000000 0.000000 0.000000 1.000000
0.992813 -0.111934 0.042334 -8.987662 0.119267 0.896394 -0.426912 94.978882 0.009838 0.428893 0.903302 9.496651 0.000000 0.000000 0.000000 1.000000
0.997338 -0.057653 0.044643 -7.939257 0.071197 0.902158 -0.425490 98.271088 -0.015745 0.427536 0.903861 8.307833 0.000000 0.000000 0.000000 1.000000
0.998098 0.010526 0.060736 -6.743111 0.016728 0.902080 -0.431245 101.590126 -0.059328 0.431441 0.900188 7.483995 0.000000 0.000000 0.000000 1.000000
0.995704 0.075078 0.054185 -5.572013 -0.042228 0.889043 -0.455872 104.448616 -0.082399 0.451626 0.888394 7.252953 0.000000 0.000000 0.000000 1.000000
0.993070 0.117410 0.005258 -4.593147 -0.101007 0.875490 -0.472561 106.559288 -0.060087 0.468755 0.881282 7.126553 0.000000 0.000000 0.000000 1.000000
0.990131 0.124892 -0.063587 -3.874252 -0.140089 0.868868 -0.474808 107.015930 -0.004051 0.479030 0.877789 7.098231 0.000000 0.000000 0.000000 1.000000
0.985977 0.114610 -0.121301 -3.299552 -0.158850 0.867330 -0.471705 106.165123 0.051146 0.484359 0.873373 6.682221 0.000000 0.000000 0.000000 1.000000
0.982863 0.109939 -0.147965 -2.710993 -0.167694 0.866565 -0.470047 104.418831 0.076545 0.486804 0.870151 5.964095 0.000000 0.000000 0.000000 1.000000
0.981205 0.110874 -0.157934 -2.071948 -0.171870 0.874245 -0.454044 102.010735 0.087731 0.472654 0.876870 5.557427 0.000000 0.000000 0.000000 1.000000
0.980510 0.097253 -0.170711 -1.388152 -0.160596 0.897266 -0.411246 99.531013 0.113178 0.430647 0.895396 5.775876 0.000000 0.000000 0.000000 1.000000
0.983323 0.064227 -0.170147 -0.814357 -0.123834 0.921637 -0.367765 96.877312 0.133193 0.382702 0.914220 6.521818 0.000000 0.000000 0.000000 1.000000
0.978141 0.075999 -0.193555 -0.689073 -0.141443 0.925478 -0.351404 94.229942 0.152424 0.371100 0.915998 6.830914 0.000000 0.000000 0.000000 1.000000
0.963427 0.134219 -0.231936 -0.864215 -0.209987 0.915837 -0.342268 92.284683 0.166477 0.378454 0.910526 5.326801 0.000000 0.000000 0.000000 1.000000
0.965029 0.141592 -0.220615 -0.910665 -0.214610 0.910011 -0.354713 91.221397 0.150538 0.389655 0.908574 3.491678 0.000000 0.000000 0.000000 1.000000
0.973308 0.128030 -0.190473 -0.637692 -0.193165 0.905159 -0.378649 91.554459 0.123930 0.405335 0.905729 1.870932 0.000000 0.000000 0.000000 1.000000
0.978294 0.102249 -0.180240 -0.294285 -0.166705 0.904979 -0.391436 92.565216 0.123090 0.412986 0.902381 0.658361 0.000000 0.000000 0.000000 1.000000
0.979759 0.066627 -0.188769 0.191449 -0.139513 0.903517 -0.405207 93.839157 0.143559 0.423341 0.894524 -0.205494 0.000000 0.000000 0.000000 1.000000</float_array>
        <technique_common>
          <accessor source="#mixamorig_Hips-Matrix-animation-output-transform-array" count="56" stride="16">
            <param type="float4x4"/>
          </accessor>
        </technique_common>
      </source>
      <source id="mixamorig_Hips-Interpolations">
        <Name_array id="mixamorig_Hips-Interpolations-array" count="56">
 LINEAR LINEAR LINEAR LINEAR LINEAR LINEAR LINEAR LINEAR LINEAR LINEAR LINEAR
LINEAR LINEAR LINEAR LINEAR LINEAR LINEAR LINEAR LINEAR LINEAR LINEAR LINEAR LINEAR
LINEAR LINEAR LINEAR LINEAR LINEAR LINEAR LINEAR LINEAR LINEAR LINEAR LINEAR LINEAR
LINEAR LINEAR LINEAR LINEAR LINEAR LINEAR LINEAR LINEAR LINEAR LINEAR LINEAR LINEAR
LINEAR LINEAR LINEAR LINEAR LINEAR LINEAR LINEAR LINEAR LINEAR</Name_array>
        <technique_common>
          <accessor source="#mixamorig_Hips-Interpolations-array" count="56">
            <param type="name"/>
          </accessor>
        </technique_common>
      </source>
      <sampler id="mixamorig_Hips-Matrix-animation-transform">
        <input semantic="INPUT" source="#mixamorig_Hips-Matrix-animation-input"/>
        <input semantic="OUTPUT" source="#mixamorig_Hips-Matrix-animation-output-transform"/>
        <input semantic="INTERPOLATION" source="#mixamorig_Hips-Interpolations"/>
      </sampler>
      <channel source="#mixamorig_Hips-Matrix-animation-transform" target="mixamorig_Hips/matrix"/>
    </animation>
    <animation id="mixamorig_Spine-anim" name="mixamorig_Spine">
      <source id="mixamorig_Spine-Matrix-animation-input">
        <float_array id="mixamorig_Spine-Matrix-animation-input-array" count="56">

0.000000 0.033333 0.066667 0.100000 0.133333 0.166667 0.200000 0.233333 0.266667 0.300000 0.333333 0.366667 0.400000 0.433333 0.466667 0.500000
0.533333 0.566667 0.600000 0.633333 0.666667 0.700000 0.733333 0.766667 0.800000 0.833333 0.866667 0.900000 0.933333 0.966667 1.000000 1.033333
1.066667 1.100000 1.133333 1.166667 1.200000 1.233333 1.266667 1.300000 1.333333 1.366667 1.400000 1.433333 1.466667 1.500000 1.533333 1.566667
1.600000 1.633333 1.666667 1.700000 1.733333 1.766667 1.800000 1.833333</float_array>
        <technique_common>
          <accessor source="#mixamorig_Spine-Matrix-animation-input-array" count="56">
            <param name="TIME" type="float"/>
          </accessor>
        </technique_common>
      </source>
      <source id="mixamorig_Spine-Matrix-animation-output-transform">
        <float_array id="mixamorig_Spine-Matrix-animation-output-transform-array" count="896">

0.976434 -0.142942 0.161695 -0.000500 0.165596 0.976691 -0.136576 10.964600 -0.138403 0.160133 0.977344 -0.062000 0.000000 0.000000 0.000000 1.000000
0.973090 -0.061101 0.222175 -0.000500 0.096235 0.983850 -0.150921 10.964600 -0.209365 0.168241 0.963256 -0.062000 0.000000 0.000000 0.000000 1.000000
0.967235 -0.004451 0.253844 -0.000500 0.048664 0.984557 -0.168164 10.964600 -0.249176 0.175007 0.952514 -0.062000 0.000000 0.000000 0.000000 1.000000
0.960608 0.035005 0.275694 -0.000500 0.016906 0.982837 -0.183697 10.964600 -0.277393 0.181122 0.943530 -0.062000 0.000000 0.000000 0.000000 1.000000
0.954374 0.066107 0.291204 -0.000500 -0.007463 0.980164 -0.198049 10.964600 -0.298519 0.186840 0.935936 -0.062000 0.000000 0.000000 0.000000 1.000000
0.951147 0.069844 0.300736 -0.000500 -0.007022 0.978717 -0.205093 10.964600 -0.308660 0.192962 0.931394 -0.062000 0.000000 0.000000 0.000000 1.000000
0.949910 0.063075 0.306092 -0.000500 0.002419 0.977908 -0.209022 10.964600 -0.312514 0.199292 0.928772 -0.062000 0.000000 0.000000 0.000000 1.000000
0.951610 0.074049 0.298253 -0.000500 -0.004453 0.973755 -0.227553 10.964600 -0.307276 0.215214 0.926965 -0.062000 0.000000 0.000000 0.000000 1.000000
0.955675 0.095018 0.278669 -0.000500 -0.025106 0.969345 -0.244418 10.964600 -0.293351 0.226587 0.928764 -0.062000 0.000000 0.000000 0.000000 1.000000
0.962683 0.129669 0.237543 -0.000500 -0.072092 0.968897 -0.236732 10.964600 -0.260852 0.210773 0.942089 -0.062000 0.000000 0.000000 0.000000 1.000000
0.971929 0.176855 0.155163 -0.000500 -0.134557 0.958841 -0.250036 10.964600 -0.192997 0.222139 0.955723 -0.062000 0.000000 0.000000 0.000000 1.000000
0.981651 0.171092 0.084193 -0.000500 -0.144732 0.955993 -0.255207 10.964600 -0.124152 0.238339 0.963214 -0.062000 0.000000 0.000000 0.000000 1.000000
0.991926 0.119177 0.043360 -0.000500 -0.103685 0.958977 -0.263843 10.964600 -0.073026 0.257217 0.963590 -0.062000 0.000000 0.000000 0.000000 1.000000
0.998084 0.061543 0.006318 -0.000500 -0.057775 0.963732 -0.260543 10.964600 -0.022123 0.259679 0.965441 -0.062000 0.000000 0.000000 0.000000 1.000000
0.998331 -0.022059 -0.053370 -0.000500 0.009156 0.972940 -0.230875 10.964600 0.057019 0.230001 0.971519 -0.062000 0.000000 0.000000 0.000000 1.000000
0.986207 -0.107937 -0.125481 -0.000500 0.083163 0.978609 -0.188172 10.964600 0.143108 0.175141 0.974087 -0.062000 0.000000 0.000000 0.000000 1.000000
0.968514 -0.171349 -0.180611 -0.000500 0.139979 0.974726 -0.174111 10.964600 0.205880 0.143348 0.968021 -0.062000 0.000000 0.000000 0.000000 1.000000
0.946953 -0.224055 -0.230388 -0.000500 0.184467 0.965986 -0.181228 10.964600 0.263157 0.129115 0.956074 -0.062000 0.000000 0.000000 0.000000 1.000000
0.925660 -0.242977 -0.290028 -0.000500 0.205430 0.966475 -0.154029 10.964600 0.317730 0.082998 0.944542 -0.062000 0.000000 0.000000 0.000000 1.000000
0.915593 -0.237752 -0.324288 -0.000500 0.206719 0.970051 -0.127544 10.964600 0.344900 0.049742 0.937320 -0.062000 0.000000 0.000000 0.000000 1.000000
0.919437 -0.238092 -0.312965 -0.000500 0.207964 0.969872 -0.126880 10.964600 0.333746 0.051572 0.941251 -0.062000 0.000000 0.000000 0.000000 1.000000
0.927886 -0.231870 -0.291999 -0.000500 0.195504 0.969392 -0.148518 10.964600 0.317499 0.080721 0.944817 -0.062000 0.000000 0.000000 0.000000 1.000000
0.935958 -0.229250 -0.267260 -0.000500 0.185887 0.966330 -0.177913 10.964600 0.299047 0.116839 0.947058 -0.062000 0.000000 0.000000 0.000000 1.000000
0.931990 -0.284883 -0.224133 -0.000500 0.237733 0.947160 -0.215340 10.964600 0.273636 0.147411 0.950470 -0.062000 0.000000 0.000000 0.000000 1.000000
0.927523 -0.333202 -0.169348 -0.000500 0.289005 0.926660 -0.240369 10.964600 0.237019 0.174005 0.955795 -0.062000 0.000000 0.000000 0.000000 1.000000
0.945807 -0.307226 -0.105171 -0.000500 0.279164 0.934713 -0.219955 10.964600 0.165880 0.178675 0.969824 -0.062000 0.000000 0.000000 0.000000 1.000000
0.962600 -0.268112 -0.038962 -0.000500 0.255237 0.945653 -0.201483 10.964600 0.090864 0.184003 0.978717 -0.062000 0.000000 0.000000 0.000000 1.000000
0.971693 -0.235441 0.019512 -0.000500 0.234292 0.949754 -0.207544 10.964600 0.030333 0.206241 0.978031 -0.062000 0.000000 0.000000 0.000000 1.000000
0.981729 -0.177086 0.069632 -0.000500 0.188205 0.957604 -0.218112 10.964600 -0.028056 0.227232 0.973436 -0.062000 0.000000 0.000000 0.000000 1.000000
0.988315 -0.096143 0.118278 -0.000500 0.120418 0.968227 -0.219170 10.964600 -0.093448 0.230851 0.968491 -0.062000 0.000000 0.000000 0.000000 1.000000
0.985849 -0.038150 0.163238 -0.000500 0.076432 0.968950 -0.235147 10.964600 -0.149199 0.244296 0.958154 -0.062000 0.000000 0.000000 0.000000 1.000000
0.979989 -0.004350 0.199004 -0.000500 0.056179 0.965162 -0.255551 10.964600 -0.190960 0.261617 0.946092 -0.062000 0.000000 0.000000 0.000000 1.000000
0.974274 0.048830 0.220014 -0.000500 0.007024 0.969192 -0.246206 10.964600 -0.225258 0.241417 0.943916 -0.062000 0.000000 0.000000 0.000000 1.000000
0.965710 0.117753 0.231385 -0.000500 -0.075678 0.980200 -0.182979 10.964600 -0.248350 0.159194 0.955500 -0.062000 0.000000 0.000000 0.000000 1.000000
0.958289 0.142970 0.247472 -0.000500 -0.127005 0.988719 -0.079400 10.964600 -0.256032 0.044658 0.965636 -0.062000 0.000000 0.000000 0.000000 1.000000
0.956176 0.138843 0.257781 -0.000500 -0.127143 0.989970 -0.061599 10.964600 -0.263748 0.026124 0.964238 -0.062000 0.000000 0.000000 0.000000 1.000000
0.953043 0.170661 0.250168 -0.000500 -0.134187 0.978545 -0.156347 10.964600 -0.271483 0.115436 0.955495 -0.062000 0.000000 0.000000 0.000000 1.000000
0.953099 0.189132 0.236288 -0.000500 -0.142317 0.969070 -0.201618 10.964600 -0.267112 0.158534 0.950536 -0.062000 0.000000 0.000000 0.000000 1.000000
0.962539 0.173779 0.208134 -0.000500 -0.132444 0.971143 -0.198342 10.964600 -0.236596 0.163346 0.957779 -0.062000 0.000000 0.000000 0.000000 1.000000
0.978454 0.131319 0.159323 -0.000500 -0.099008 0.975580 -0.196066 10.964600 -0.181180 0.176067 0.967561 -0.062000 0.000000 0.000000 0.000000 1.000000
0.995861 0.045847 0.078479 -0.000500 -0.029143 0.978935 -0.202082 10.964600 -0.086091 0.198959 0.976219 -0.062000 0.000000 0.000000 0.000000 1.000000
0.997252 -0.066419 -0.032818 -0.000500 0.058180 0.976372 -0.208116 10.964600 0.045865 0.205635 0.977553 -0.062000 0.000000 0.000000 0.000000 1.000000
0.979308 -0.167672 -0.113325 -0.000500 0.141857 0.968107 -0.206509 10.964600 0.144337 0.186160 0.971860 -0.062000 0.000000 0.000000 0.000000 1.000000
0.962457 -0.228422 -0.146631 -0.000500 0.200746 0.962608 -0.181896 10.964600 0.182697 0.145631 0.972324 -0.062000 0.000000 0.000000 0.000000 1.000000
0.957424 -0.241314 -0.158452 -0.000500 0.216770 0.963440 -0.157463 10.964600 0.190657 0.116412 0.974730 -0.062000 0.000000 0.000000 0.000000 1.000000
0.957063 -0.230750 -0.175456 -0.000500 0.207317 0.967902 -0.142075 10.964600 0.202608 0.099599 0.974182 -0.062000 0.000000 0.000000 0.000000 1.000000
0.952218 -0.223702 -0.207937 -0.000500 0.198837 0.970842 -0.133904 10.964600 0.231829 0.086160 0.968933 -0.062000 0.000000 0.000000 0.000000 1.000000
0.945949 -0.225119 -0.233455 -0.000500 0.197028 0.970683 -0.137672 10.964600 0.257603 0.084234 0.962572 -0.062000 0.000000 0.000000 0.000000 1.000000
0.948481 -0.213610 -0.233997 -0.000500 0.186234 0.973368 -0.133687 10.964600 0.256322 0.083221 0.963002 -0.062000 0.000000 0.000000 0.000000 1.000000
0.955549 -0.185213 -0.229396 -0.000500 0.159261 0.979026 -0.127059 10.964600 0.248117 0.084878 0.965004 -0.062000 0.000000 0.000000 0.000000 1.000000
0.961420 -0.201798 -0.186948 -0.000500 0.179676 0.975268 -0.128718 10.964600 0.208300 0.090162 0.973900 -0.062000 0.000000 0.000000 0.000000 1.000000
0.962514 -0.251219 -0.102251 -0.000500 0.237379 0.962609 -0.130520 10.964600 0.131217 0.101355 0.986159 -0.062000 0.000000 0.000000 0.000000 1.000000
0.970323 -0.237850 -0.043590 -0.000500 0.231063 0.965151 -0.122858 10.964600 0.071293 0.109140 0.991466 -0.062000 0.000000 0.000000 0.000000 1.000000
0.978736 -0.204973 0.007829 -0.000500 0.204496 0.972056 -0.115276 10.964600 0.016018 0.114426 0.993303 -0.062000 0.000000 0.000000 0.000000 1.000000
0.978928 -0.184963 0.086538 -0.000500 0.194651 0.973305 -0.121604 10.964600 -0.061736 0.135887 0.988799 -0.062000 0.000000 0.000000 0.000000 1.000000
0.976433 -0.142942 0.161695 -0.000500 0.165596 0.976691 -0.136577 10.964600 -0.138403 0.160134 0.977344 -0.062000 0.000000 0.000000 0.000000 1.000000</float_array>
        <technique_common>
          <accessor source="#mixamorig_Spine-Matrix-animation-output-transform-array" count="56" stride="16">
            <param type="float4x4"/>
          </accessor>
        </technique_common>
      </source>
      <source id="mixamorig_Spine-Interpolations">
        <Name_array id="mixamorig_Spine-Interpolations-array" count="56">
 LINEAR LINEAR LINEAR LINEAR LINEAR LINEAR LINEAR LINEAR LINEAR LINEAR LINEAR
LINEAR LINEAR LINEAR LINEAR LINEAR LINEAR LINEAR LINEAR LINEAR LINEAR LINEAR LINEAR
LINEAR LINEAR LINEAR LINEAR LINEAR LINEAR LINEAR LINEAR LINEAR LINEAR LINEAR LINEAR
LINEAR LINEAR LINEAR LINEAR LINEAR LINEAR LINEAR LINEAR LINEAR LINEAR LINEAR LINEAR
LINEAR LINEAR LINEAR LINEAR LINEAR LINEAR LINEAR LINEAR LINEAR</Name_array>
        <technique_common>
          <accessor source="#mixamorig_Spine-Interpolations-array" count="56">
            <param type="name"/>
          </accessor>
        </technique_common>
      </source>
      <sampler id="mixamorig_Spine-Matrix-animation-transform">
        <input semantic="INPUT" source="#mixamorig_Spine-Matrix-animation-input"/>
        <input semantic="OUTPUT" source="#mixamorig_Spine-Matrix-animation-output-transform"/>
        <input semantic="INTERPOLATION" source="#mixamorig_Spine-Interpolations"/>
      </sampler>
      <channel source="#mixamorig_Spine-Matrix-animation-transform" target="mixamorig_Spine/matrix"/>
    </animation>
    <animation id="mixamorig_Spine1-anim" name="mixamorig_Spine1">
      <source id="mixamorig_Spine1-Matrix-animation-input">
        <float_array id="mixamorig_Spine1-Matrix-animation-input-array" count="56">

0.000000 0.033333 0.066667 0.100000 0.133333 0.166667 0.200000 0.233333 0.266667 0.300000 0.333333 0.366667 0.400000 0.433333 0.466667 0.500000
0.533333 0.566667 0.600000 0.633333 0.666667 0.700000 0.733333 0.766667 0.800000 0.833333 0.866667 0.900000 0.933333 0.966667 1.000000 1.033333
1.066667 1.100000 1.133333 1.166667 1.200000 1.233333 1.266667 1.300000 1.333333 1.366667 1.400000 1.433333 1.466667 1.500000 1.533333 1.566667
1.600000 1.633333 1.666667 1.700000 1.733333 1.766667 1.800000 1.833333</float_array>
        <technique_common>
          <accessor source="#mixamorig_Spine1-Matrix-animation-input-array" count="56">
            <param name="TIME" type="float"/>
          </accessor>
        </technique_common>
      </source>
      <source id="mixamorig_Spine1-Matrix-animation-output-transform">
        <float_array id="mixamorig_Spine1-Matrix-animation-output-transform-array" count="896">

0.999005 -0.026141 0.036122 0.000600 0.024180 0.998264 0.053706 12.633800 -0.037464 -0.052779 0.997903 -0.357500 0.000000 0.000000 0.000000 1.000000
0.997447 -0.009319 0.070802 0.000600 0.005372 0.998431 0.055736 12.633800 -0.071210 -0.055213 0.995932 -0.357500 0.000000 0.000000 0.000000 1.000000
0.995574 0.006645 0.093744 0.000600 -0.012011 0.998313 0.056798 12.633800 -0.093208 -0.057673 0.993975 -0.357500 0.000000 0.000000 0.000000 1.000000
0.993540 0.019575 0.111778 0.000600 -0.026060 0.998042 0.056853 12.633800 -0.110447 -0.059399 0.992105 -0.357500 0.000000 0.000000 0.000000 1.000000
0.991661 0.029045 0.125562 0.000600 -0.036213 0.997819 0.055182 12.633800 -0.123685 -0.059269 0.990550 -0.357500 0.000000 0.000000 0.000000 1.000000
0.990472 0.031004 0.134180 0.000600 -0.038224 0.997938 0.051571 12.633800 -0.132304 -0.056209 0.989614 -0.357500 0.000000 0.000000 0.000000 1.000000
0.989817 0.028206 0.139522 0.000600 -0.034770 0.998389 0.044836 12.633800 -0.138033 -0.049231 0.989203 -0.357500 0.000000 0.000000 0.000000 1.000000
0.989919 0.029628 0.138499 0.000600 -0.036030 0.998384 0.043951 12.633800 -0.136973 -0.048498 0.989387 -0.357500 0.000000 0.000000 0.000000 1.000000
0.990841 0.032259 0.131120 0.000600 -0.038165 0.998355 0.042783 12.633800 -0.129524 -0.047395 0.990443 -0.357500 0.000000 0.000000 0.000000 1.000000
0.993122 0.026857 0.113966 0.000600 -0.030824 0.998974 0.033193 12.633800 -0.112958 -0.036478 0.992930 -0.357500 0.000000 0.000000 0.000000 1.000000
0.995654 0.019288 0.091113 0.000600 -0.022396 0.999198 0.033208 12.633800 -0.090399 -0.035104 0.995287 -0.357500 0.000000 0.000000 0.000000 1.000000
0.997767 0.021324 0.063299 0.000600 -0.023179 0.999319 0.028720 12.633800 -0.062643 -0.030123 0.997581 -0.357500 0.000000 0.000000 0.000000 1.000000
0.998858 0.030924 0.036413 0.000600 -0.032049 0.999014 0.030730 12.633800 -0.035427 -0.031862 0.998864 -0.357500 0.000000 0.000000 0.000000 1.000000
0.999666 0.020744 0.015388 0.000600 -0.021262 0.999186 0.034274 12.633800 -0.014665 -0.034590 0.999294 -0.357500 0.000000 0.000000 0.000000 1.000000
0.999883 0.002645 -0.015054 0.000600 -0.002028 0.999163 0.040864 12.633800 0.015150 -0.040828 0.999051 -0.357500 0.000000 0.000000 0.000000 1.000000
0.998688 -0.014447 -0.049131 0.000600 0.016740 0.998774 0.046588 12.633800 0.048397 -0.047350 0.997705 -0.357500 0.000000 0.000000 0.000000 1.000000
0.996427 -0.029247 -0.079238 0.000600 0.033235 0.998221 0.049491 12.633800 0.077649 -0.051947 0.995626 -0.357500 0.000000 0.000000 0.000000 1.000000
0.992530 -0.049625 -0.111449 0.000600 0.055720 0.997078 0.052257 12.633800 0.108530 -0.058077 0.992395 -0.357500 0.000000 0.000000 0.000000 1.000000
0.987306 -0.069344 -0.142893 0.000600 0.077428 0.995651 0.051805 12.633800 0.138680 -0.062211 0.988381 -0.357500 0.000000 0.000000 0.000000 1.000000
0.984174 -0.077562 -0.159331 0.000600 0.087048 0.994770 0.053437 12.633800 0.154353 -0.066461 0.985778 -0.357500 0.000000 0.000000 0.000000 1.000000
0.984724 -0.069196 -0.159782 0.000600 0.077105 0.996059 0.043834 12.633800 0.156119 -0.055484 0.986179 -0.357500 0.000000 0.000000 0.000000 1.000000
0.986244 -0.060942 -0.153649 0.000600 0.066486 0.997300 0.031196 12.633800 0.151333 -0.040982 0.987633 -0.357500 0.000000 0.000000 0.000000 1.000000
0.987123 -0.062763 -0.147135 0.000600 0.067907 0.997235 0.030198 12.633800 0.144833 -0.039801 0.988655 -0.357500 0.000000 0.000000 0.000000 1.000000
0.987119 -0.074617 -0.141523 0.000600 0.079005 0.996544 0.025639 12.633800 0.139121 -0.036489 0.989603 -0.357500 0.000000 0.000000 0.000000 1.000000
0.987295 -0.085298 -0.134064 0.000600 0.088582 0.995893 0.018717 12.633800 0.131917 -0.030355 0.990796 -0.357500 0.000000 0.000000 0.000000 1.000000
0.989711 -0.084351 -0.115571 0.000600 0.087478 0.995918 0.022247 12.633800 0.113222 -0.032128 0.993050 -0.357500 0.000000 0.000000 0.000000 1.000000
0.992496 -0.077264 -0.094773 0.000600 0.080373 0.996330 0.029434 12.633800 0.092151 -0.036830 0.995064 -0.357500 0.000000 0.000000 0.000000 1.000000
0.994641 -0.067861 -0.078003 0.000600 0.070555 0.996985 0.032305 12.633800 0.075576 -0.037635 0.996430 -0.357500 0.000000 0.000000 0.000000 1.000000
0.996503 -0.055493 -0.062473 0.000600 0.057718 0.997740 0.034395 12.633800 0.060423 -0.037880 0.997454 -0.357500 0.000000 0.000000 0.000000 1.000000
0.997765 -0.043832 -0.050440 0.000600 0.045649 0.998328 0.035454 12.633800 0.048801 -0.037677 0.998098 -0.357500 0.000000 0.000000 0.000000 1.000000
0.999341 -0.022287 -0.028647 0.000600 0.023607 0.998634 0.046621 12.633800 0.027569 -0.047267 0.998502 -0.357500 0.000000 0.000000 0.000000 1.000000
0.999896 0.002812 -0.014169 0.000600 -0.001968 0.998245 0.059193 12.633800 0.014311 -0.059159 0.998146 -0.357500 0.000000 0.000000 0.000000 1.000000
0.999848 0.014402 -0.009856 0.000600 -0.013768 0.998005 0.061615 12.633800 0.010724 -0.061469 0.998051 -0.357500 0.000000 0.000000 0.000000 1.000000
0.999963 0.004267 -0.007476 0.000600 -0.003939 0.999050 0.043410 12.633800 0.007654 -0.043379 0.999029 -0.357500 0.000000 0.000000 0.000000 1.000000
0.999891 -0.013228 0.006510 0.000600 0.013141 0.999826 0.013245 12.633800 -0.006684 -0.013158 0.999891 -0.357500 0.000000 0.000000 0.000000 1.000000
0.999512 -0.023492 0.020607 0.000600 0.023282 0.999675 0.010388 12.633800 -0.020844 -0.009903 0.999734 -0.357500 0.000000 0.000000 0.000000 1.000000
0.999373 -0.029435 0.019681 0.000600 0.028521 0.998568 0.045255 12.633800 -0.020985 -0.044666 0.998782 -0.357500 0.000000 0.000000 0.000000 1.000000
0.999387 -0.032358 0.013355 0.000600 0.031580 0.997993 0.054883 12.633800 -0.015104 -0.054428 0.998403 -0.357500 0.000000 0.000000 0.000000 1.000000
0.999175 -0.040610 -0.000254 0.000600 0.040556 0.997493 0.057984 12.633800 -0.002101 -0.057946 0.998317 -0.357500 0.000000 0.000000 0.000000 1.000000
0.998688 -0.047641 -0.018776 0.000600 0.048804 0.996539 0.067293 12.633800 0.015505 -0.068121 0.997557 -0.357500 0.000000 0.000000 0.000000 1.000000
0.998151 -0.051598 -0.032130 0.000600 0.053808 0.995938 0.072196 12.633800 0.028274 -0.073791 0.996873 -0.357500 0.000000 0.000000 0.000000 1.000000
0.997807 -0.052968 -0.039697 0.000600 0.055872 0.995539 0.076028 12.633800 0.035493 -0.078079 0.996315 -0.357500 0.000000 0.000000 0.000000 1.000000
0.997007 -0.055447 -0.053882 0.000600 0.059662 0.995003 0.080062 12.633800 0.049174 -0.083037 0.995333 -0.357500 0.000000 0.000000 0.000000 1.000000
0.995268 -0.059964 -0.076465 0.000600 0.065269 0.995487 0.068884 12.633800 0.071989 -0.073549 0.994690 -0.357500 0.000000 0.000000 0.000000 1.000000
0.992647 -0.067028 -0.100790 0.000600 0.072889 0.995787 0.055637 12.633800 0.096636 -0.062575 0.993351 -0.357500 0.000000 0.000000 0.000000 1.000000
0.989648 -0.076110 -0.121670 0.000600 0.082472 0.995430 0.048134 12.633800 0.117450 -0.057670 0.991403 -0.357500 0.000000 0.000000 0.000000 1.000000
0.987393 -0.083110 -0.134716 0.000600 0.090658 0.994581 0.050893 12.633800 0.129756 -0.062464 0.989576 -0.357500 0.000000 0.000000 0.000000 1.000000
0.986282 -0.084882 -0.141569 0.000600 0.093484 0.994087 0.055246 12.633800 0.136043 -0.067723 0.988386 -0.357500 0.000000 0.000000 0.000000 1.000000
0.986750 -0.080645 -0.140788 0.000600 0.088595 0.994754 0.051136 12.633800 0.135926 -0.062932 0.988718 -0.357500 0.000000 0.000000 0.000000 1.000000
0.988463 -0.066757 -0.135955 0.000600 0.073915 0.996094 0.048294 12.633800 0.132200 -0.057786 0.989537 -0.357500 0.000000 0.000000 0.000000 1.000000
0.990920 -0.059859 -0.120395 0.000600 0.066118 0.996624 0.048680 12.633800 0.117075 -0.056199 0.991532 -0.357500 0.000000 0.000000 0.000000 1.000000
0.993725 -0.065286 -0.090820 0.000600 0.069464 0.996630 0.043629 12.633800 0.087665 -0.049664 0.994911 -0.357500 0.000000 0.000000 0.000000 1.000000
0.996265 -0.059888 -0.062208 0.000600 0.062625 0.997109 0.043022 12.633800 0.059452 -0.046757 0.997136 -0.357500 0.000000 0.000000 0.000000 1.000000
0.998010 -0.052681 -0.034647 0.000600 0.054345 0.997321 0.048957 12.633800 0.031976 -0.050742 0.998200 -0.357500 0.000000 0.000000 0.000000 1.000000
0.999233 -0.039155 0.000941 0.000600 0.039048 0.997787 0.053820 12.633800 -0.003046 -0.053742 0.998550 -0.357500 0.000000 0.000000 0.000000 1.000000
0.999005 -0.026141 0.036122 0.000600 0.024180 0.998264 0.053706 12.633800 -0.037464 -0.052779 0.997903 -0.357500 0.000000 0.000000 0.000000 1.000000</float_array>
        <technique_common>
          <accessor source="#mixamorig_Spine1-Matrix-animation-output-transform-array" count="56" stride="16">
            <param type="float4x4"/>
          </accessor>
        </technique_common>
      </source>
      <source id="mixamorig_Spine1-Interpolations">
        <Name_array id="mixamorig_Spine1-Interpolations-array" count="56">
 LINEAR LINEAR LINEAR LINEAR LINEAR LINEAR LINEAR LINEAR LINEAR LINEAR LINEAR
LINEAR LINEAR LINEAR LINEAR LINEAR LINEAR LINEAR LINEAR LINEAR LINEAR LINEAR LINEAR
LINEAR LINEAR LINEAR LINEAR LINEAR LINEAR LINEAR LINEAR LINEAR LINEAR LINEAR LINEAR
LINEAR LINEAR LINEAR LINEAR LINEAR LINEAR LINEAR LINEAR LINEAR LINEAR LINEAR LINEAR
LINEAR LINEAR LINEAR LINEAR LINEAR LINEAR LINEAR LINEAR LINEAR</Name_array>
        <technique_common>
          <accessor source="#mixamorig_Spine1-Interpolations-array" count="56">
            <param type="name"/>
          </accessor>
        </technique_common>
      </source>
      <sampler id="mixamorig_Spine1-Matrix-animation-transform">
        <input semantic="INPUT" source="#mixamorig_Spine1-Matrix-animation-input"/>
        <input semantic="OUTPUT" source="#mixamorig_Spine1-Matrix-animation-output-transform"/>
        <input semantic="INTERPOLATION" source="#mixamorig_Spine1-Interpolations"/>
      </sampler>
      <channel source="#mixamorig_Spine1-Matrix-animation-transform" target="mixamorig_Spine1/matrix"/>
    </animation>
    <animation id="mixamorig_Spine2-anim" name="mixamorig_Spine2">
      <source id="mixamorig_Spine2-Matrix-animation-input">
        <float_array id="mixamorig_Spine2-Matrix-animation-input-array" count="56">

0.000000 0.033333 0.066667 0.100000 0.133333 0.166667 0.200000 0.233333 0.266667 0.300000 0.333333 0.366667 0.400000 0.433333 0.466667 0.500000
0.533333 0.566667 0.600000 0.633333 0.666667 0.700000 0.733333 0.766667 0.800000 0.833333 0.866667 0.900000 0.933333 0.966667 1.000000 1.033333
1.066667 1.100000 1.133333 1.166667 1.200000 1.233333 1.266667 1.300000 1.333333 1.366667 1.400000 1.433333 1.466667 1.500000 1.533333 1.566667
1.600000 1.633333 1.666667 1.700000 1.733333 1.766667 1.800000 1.833333</float_array>
        <technique_common>
          <accessor source="#mixamorig_Spine2-Matrix-animation-input-array" count="56">
            <param name="TIME" type="float"/>
          </accessor>
        </technique_common>
      </source>
      <source id="mixamorig_Spine2-Matrix-animation-output-transform">
        <float_array id="mixamorig_Spine2-Matrix-animation-output-transform-array" count="896">

0.999028 -0.023992 0.036983 0.000000 0.026384 0.997497 -0.065602 14.702400 -0.035317 0.066514 0.997160 -0.000000 0.000000 0.000000 0.000000 1.000000
0.997462 -0.002671 0.071156 0.000000 0.007226 0.997934 -0.063834 14.702400 -0.070838 0.064186 0.995421 0.000000 0.000000 0.000000 0.000000 1.000000
0.995558 0.014875 0.092967 0.000000 -0.009052 0.997989 -0.062740 14.702400 -0.093713 0.061620 0.993691 -0.000000 0.000000 0.000000 0.000000 1.000000
0.993543 0.028307 0.109864 -0.000000 -0.021508 0.997808 -0.062586 14.702400 -0.111395 0.059819 0.991974 0.000000 0.000000 0.000000 0.000000 1.000000
0.991710 0.038319 0.122653 0.000000 -0.030607 0.997470 -0.064158 14.702400 -0.124802 0.059872 0.990374 0.000000 0.000000 0.000000 0.000000 1.000000
0.990486 0.040588 0.131491 0.000000 -0.031845 0.997182 -0.067921 14.702400 -0.133878 0.063087 0.988988 -0.000000 0.000000 0.000000 0.000000 1.000000
0.989798 0.038644 0.137138 -0.000000 -0.028515 0.996770 -0.075073 14.702400 -0.139596 0.070397 0.987703 0.000000 0.000000 0.000000 0.000000 1.000000
0.989905 0.040064 0.135952 0.000000 -0.029890 0.996654 -0.076070 14.702400 -0.138545 0.071238 0.987791 0.000000 0.000000 0.000000 0.000000 1.000000
0.990819 0.042431 0.128363 0.000000 -0.032722 0.996508 -0.076817 14.702400 -0.131174 0.071911 0.988748 -0.000000 0.000000 0.000000 0.000000 1.000000
0.993086 0.035799 0.111797 0.000000 -0.026291 0.996001 -0.085391 14.702400 -0.114407 0.081861 0.990055 0.000000 0.000000 0.000000 0.000000 1.000000
0.995578 0.026623 0.090090 0.000000 -0.019009 0.996255 -0.084348 14.702400 -0.091999 0.082262 0.992355 0.000000 0.000000 0.000000 0.000000 1.000000
0.997692 0.026462 0.062531 0.000000 -0.020845 0.995828 -0.088841 14.702400 -0.064621 0.087333 0.994081 0.000000 0.000000 0.000000 0.000000 1.000000
0.998818 0.033838 0.034898 0.000000 -0.030679 0.995700 -0.087415 14.702400 -0.037706 0.086241 0.995561 0.000000 0.000000 0.000000 0.000000 1.000000
0.999654 0.021942 0.014530 -0.000000 -0.020641 0.996223 -0.084341 14.702400 -0.016326 0.084011 0.996331 0.000000 0.000000 0.000000 0.000000 1.000000
0.999885 0.001476 -0.015085 0.000000 -0.002649 0.996948 -0.078025 14.702400 0.014924 0.078056 0.996837 0.000000 0.000000 0.000000 0.000000 1.000000
0.998672 -0.017910 -0.048303 -0.000000 0.014401 0.997298 -0.072040 14.702400 0.049463 0.071249 0.996231 0.000000 0.000000 0.000000 0.000000 1.000000
0.996390 -0.034659 -0.077501 0.000000 0.029334 0.997197 -0.068824 14.702400 0.079669 0.066302 0.994614 0.000000 0.000000 0.000000 0.000000 1.000000
0.992458 -0.057324 -0.108353 0.000000 0.050425 0.996586 -0.065370 14.702400 0.111731 0.059413 0.991961 -0.000000 0.000000 0.000000 0.000000 1.000000
0.987225 -0.078836 -0.138464 0.000000 0.070394 0.995409 -0.064849 14.702400 0.142940 0.054274 0.988242 0.000000 0.000000 0.000000 0.000000 1.000000
0.984112 -0.087690 -0.154385 0.000000 0.078774 0.994902 -0.062965 14.702400 0.159120 0.049803 0.986002 0.000000 0.000000 0.000000 0.000000 1.000000
0.984651 -0.079759 -0.155245 0.000000 0.069129 0.994954 -0.072713 14.702400 0.160261 0.060865 0.985196 -0.000000 0.000000 0.000000 0.000000 1.000000
0.986158 -0.072184 -0.149269 0.000000 0.059840 0.994531 -0.085597 14.702400 0.154632 0.075479 0.985085 0.000000 0.000000 0.000000 0.000000 1.000000
0.987043 -0.073588 -0.142590 0.000000 0.061691 0.994371 -0.086137 14.702400 0.148126 0.076224 0.986027 0.000000 0.000000 0.000000 0.000000 1.000000
0.987201 -0.085232 -0.134794 -0.000000 0.073617 0.993314 -0.088927 14.702400 0.141473 0.077865 0.986875 0.000000 0.000000 0.000000 0.000000 1.000000
0.987438 -0.096158 -0.125380 0.000000 0.084626 0.991943 -0.094275 14.702400 0.133435 0.082480 0.987619 0.000000 0.000000 0.000000 0.000000 1.000000
0.989805 -0.093053 -0.107833 -0.000000 0.083412 0.992378 -0.090714 14.702400 0.115452 0.080794 0.990022 0.000000 0.000000 0.000000 0.000000 1.000000
0.992499 -0.083759 -0.089049 0.000000 0.076276 0.993511 -0.084362 14.702400 0.095538 0.076937 0.992448 0.000000 0.000000 0.000000 0.000000 1.000000
0.994531 -0.073620 -0.074086 0.000000 0.067456 0.994304 -0.082517 14.702400 0.079739 0.077068 0.993832 -0.000000 0.000000 0.000000 0.000000 1.000000
0.996377 -0.060589 -0.059684 0.000000 0.055628 0.995116 -0.081543 14.702400 0.064333 0.077927 0.994881 0.000000 0.000000 0.000000 0.000000 1.000000
0.997572 -0.049729 -0.048748 -0.000000 0.045660 0.995644 -0.081288 14.702400 0.052578 0.078865 0.995498 0.000000 0.000000 0.000000 0.000000 1.000000
0.999211 -0.027842 -0.028307 0.000000 0.025793 0.997190 -0.070333 14.702400 0.030186 0.069548 0.997122 -0.000000 0.000000 0.000000 0.000000 1.000000
0.999865 -0.001813 -0.016327 0.000000 0.000876 0.998363 -0.057193 14.702400 0.016404 0.057171 0.998230 0.000000 0.000000 0.000000 0.000000 1.000000
0.999835 0.010380 -0.014929 0.000000 -0.011177 0.998459 -0.054360 14.702400 0.014342 0.054518 0.998410 0.000000 0.000000 0.000000 0.000000 1.000000
0.999901 0.001645 -0.014009 0.000000 -0.002674 0.997270 -0.073789 14.702400 0.013849 0.073819 0.997176 0.000000 0.000000 0.000000 0.000000 1.000000
0.999932 -0.011662 -0.000825 -0.000000 0.011507 0.994224 -0.106707 14.702400 0.002064 0.106690 0.994290 0.000000 0.000000 0.000000 0.000000 1.000000
0.999646 -0.021724 0.015356 0.000000 0.023270 0.993769 -0.109006 14.702400 -0.012892 0.109325 0.993923 0.000000 0.000000 0.000000 0.000000 1.000000
0.999421 -0.029285 0.017315 -0.000000 0.030499 0.996750 -0.074565 14.702400 -0.015075 0.075050 0.997066 -0.000000 0.000000 0.000000 0.000000 1.000000
